# Position (bp)	A	C	G	T	N
0.0	34.96612332560068	18.41905399946943	20.43483918254583	26.179859807982673	1.2368440139291054E-4
1.0	33.10557945939133	16.833559118563887	19.24382796960788	30.816722308864648	3.111435722540406E-4
2.0	31.094181207426843	19.318038610443626	17.958182729054187	31.62947956638027	1.1788669507761786E-4
3.0	31.336092436001195	19.01809040908442	18.318991386173796	31.32677745452129	4.831421929410568E-5
4.0	31.4330706695371	18.79358389486857	18.86195431287604	30.911327347948824	6.37747694682195E-5
5.0	31.626978822389606	18.708633969368126	18.645336544386534	31.019000417067666	5.024678806586991E-5
6.0	31.729660066370986	18.396141464111395	18.808323596890812	31.065818828132425	5.604449438116258E-5
7.0	31.103293269185706	18.859341479896617	18.13108772449516	31.906215684221817	6.184220069645527E-5
8.0	30.955014997603325	18.60001587411989	18.4471593471172	31.99777499492169	3.478623789175609E-5
9.0	31.121886513338847	18.51559933760046	18.69445084715215	31.668024650533106	3.8651375435284545E-5
10.0	31.507020413588656	18.522376856283035	18.644536460915024	31.32602761783785	3.8651375435284545E-5
11.0	31.454978269133814	18.6156136366768	18.408772733603644	31.52059477664153	4.058394420704877E-5
12.0	31.370123039503195	18.556015148324363	18.471838250332627	31.60197911275806	4.444908175057722E-5
13.0	31.195472934461314	18.812836144972884	18.610447880349877	31.381210186546802	3.285366911999186E-5
14.0	31.385858014442896	18.687132209213477	18.543287250393526	31.38366841402449	5.4111925609398356E-5
15.0	31.160450923179404	18.67186298334777	18.630469292825353	31.537174284134494	4.2516512978812996E-5
16.0	31.13843896486901	18.791259014636136	18.607668846456075	31.46256939926931	6.37747694682195E-5
17.0	31.202720067355433	18.752196002052465	18.593188108649247	31.451787598091634	1.0822385121879671E-4
18.0	30.90162005500825	18.846062799865827	18.73847862891048	31.395955686275368	0.11788282994007433
19.0	31.066406329039044	18.82457650026135	18.802999369924603	31.30597335169325	4.444908175057722E-5
20.0	31.08247177323872	18.81507599217936	18.78165608040924	31.320676334908836	1.1981926384938208E-4
21.0	31.00859933193803	18.904637026769226	18.74806030488089	31.338672415311503	3.0921100348227636E-5
22.0	31.08574940987563	18.904090109806816	18.76002097300934	31.250046744007165	9.276330104468291E-5
23.0	31.069662707419464	18.860597649598265	18.625761555297334	31.44389498722775	8.310045718586176E-5
24.0	31.05261165314619	18.792055232970103	18.828909319447646	31.32636581737291	5.7977063152926814E-5
25.0	31.134680118607932	18.854850190071037	18.753772978170225	31.256613612693624	8.310045718586176E-5
26.0	30.949810589900963	18.87285206818002	18.766707660959643	31.410556243346043	7.343761332704063E-5
27.0	30.945700016123425	18.975772950689095	18.97742143185141	31.101043759135372	6.184220069645527E-5
28.0	31.171242387200937	18.78589613629449	18.777961008917625	31.2648695464866	3.0921100348227636E-5
29.0	31.138017664876767	18.777414091955215	18.796252772342374	31.28826908917512	4.6381650522341454E-5
30.0	30.857387420960116	18.987814786705957	18.828196201570865	31.32650109718693	1.0049357613173982E-4
31.0	31.12958586732556	18.987287195431268	18.78988109310187	31.09318400194061	6.184220069645527E-5
32.0	30.9856520103421	18.966243454075528	18.773498707623624	31.274551716033137	5.4111925609398356E-5
33.0	31.119878574384984	18.83179271205512	18.881627862972604	31.16639550472135	3.053458659387479E-4
34.0	31.13318817551613	18.836637661965934	18.77747206901837	31.252673104967993	2.8988531576463407E-5
35.0	31.00757893562654	18.876075592891326	18.7420229600379	31.374212355024245	1.1015641999056095E-4
36.0	30.986181534185565	18.891926521957334	18.96982063887206	31.152024923334515	4.6381650522341454E-5
37.0	31.220938393166854	18.880820049226006	18.925151244281505	30.972989819749504	1.0049357613173982E-4
38.0	31.03660611857844	18.890225861438182	18.892229935254502	31.180901365922214	3.671880666352031E-5
39.0	31.109709397507963	18.93952955594343	19.007571437259703	30.943127767088203	6.184220069645527E-5
40.0	31.059688719988394	18.929858981809524	18.898104944320664	31.11230483736844	4.2516512978812996E-5
41.0	31.04045579557179	18.96224690185552	18.899073161275318	31.0981738945093	5.024678806586991E-5
42.0	31.064065988256434	18.930112148318624	18.934124161088807	31.071659050960697	3.8651375435284545E-5
43.0	31.035813765382013	18.889137825219677	18.851692372697975	31.223240082574026	1.1595412630585363E-4
44.0	30.963396548366468	18.93609924637355	18.820605071435377	31.279744528322865	1.5460550174113818E-4
45.0	31.10915861540801	18.87101806041562	18.856129550597945	31.163655122202993	3.8651375435284545E-5
46.0	31.106031719135295	18.852536905251235	18.860846950969822	31.180493593911372	9.083073227291868E-5
47.0	31.037638110302563	18.92480531447136	18.88264632671532	31.15487159713532	3.8651375435284545E-5
48.0	31.138027327720625	18.82415713283788	18.94924651172786	31.0884279501933	1.4107752033878858E-4
49.0	31.063275567628786	18.88976397750173	18.92503722272397	31.12178601976272	1.3721238279526012E-4
50.0	30.966552433170758	18.957830982212037	18.95032875024005	31.125222127038914	6.570733823998372E-5
51.0	30.98656611537115	18.971909745714342	18.936101178942323	31.10535338749641	6.957247578351217E-5
52.0	31.004660756781178	18.96192609543941	18.912328650480852	31.12098013858489	1.0435871367526826E-4
53.0	30.955310680625402	18.986833041769906	18.920978828303266	31.13670738324951	1.7006605191525199E-4
54.0	31.03716269838471	18.962129015160443	18.889671214200686	31.110838017670673	1.990545834917154E-4
55.0	31.006554674177504	18.879028557974582	18.80021067318695	31.3141423198915	6.37747694682195E-5
56.0	31.089575896043726	18.912036832596314	18.896253543437314	31.102019706365112	1.1402155753408941E-4
57.0	31.097605719290407	18.905638097393002	18.949876529147456	31.046786890868095	9.276330104468291E-5
58.0	31.057649859934177	18.922868880562053	18.955318642808745	31.06409111165047	7.150504455527641E-5
59.0	31.03567462043045	18.947916904412885	18.921788574618635	31.094471092742605	1.4880779542584548E-4
60.0	30.94495211200875	18.997154891579896	18.957226088186477	31.100616661436813	5.024678806586991E-5
61.0	30.98120903473582	18.987405082126347	18.96408863989501	31.06719481709792	1.0242614490350404E-4
62.0	31.03043156135265	18.981470163428256	18.844816293008037	31.14320661202895	7.537018209880486E-5
63.0	31.039423803847672	18.93110742123608	18.866356704538124	31.163032835058484	7.923531964233332E-5
64.0	30.945783116580607	18.999421794749175	18.91785193203055	31.13671897866214	2.2417797752465033E-4
65.0	30.982643000764465	18.9690514765009	18.910009567954734	31.138230247441662	6.570733823998372E-5
66.0	30.983025649381275	18.94582586500184	18.96464521970128	31.10643176087105	7.150504455527641E-5
67.0	31.07071788996885	18.856243572155478	18.894305514115377	31.178657653578195	7.537018209880486E-5
68.0	31.02531605181379	18.88947988989228	18.93478703217752	31.150306869696415	1.1015641999056095E-4
69.0	31.026612805459646	18.950040797493056	18.969546214106472	31.053736408171357	6.37747694682195E-5
70.0	30.98813342864505	18.963311747248763	18.97266344753533	31.07581407381999	7.730275087056909E-5
71.0	30.94780651608464	19.016235143063525	18.96463362428865	31.071224222987055	1.0049357613173982E-4
72.0	30.94994007200867	18.99054164124292	18.971863364063818	31.087604675896525	5.024678806586991E-5
73.0	30.98214246545258	18.97048544252955	18.925470118128846	31.121815008294295	8.696559472939022E-5
74.0	31.00411963752508	18.940455256385107	18.923827434672845	31.13153776178504	5.990963192469104E-5
75.0	30.980712364561473	18.963218983947716	18.916856659113094	31.13913855476439	7.343761332704063E-5
76.0	31.03793379332464	18.872459756719355	18.887653612402964	31.20183108572042	1.217518326211463E-4
77.0	31.128866951742463	18.87272838377863	18.931300678113256	31.06699382994566	1.1015641999056095E-4
78.0	31.013355383685344	18.938785516966302	18.936147560592843	31.1116168428857	9.469586981644714E-5
79.0	30.997483196362847	18.94168630269272	18.974037503932053	31.08662679609801	1.6620091437172352E-4
80.0	30.911934174543156	18.990680786194485	19.011471361041128	31.08568370253739	2.2997568383994303E-4
81.0	30.93029551044369	19.01223086056843	19.01199122204073	31.045403171627513	7.923531964233332E-5
82.0	30.945315434937843	19.01639361370281	18.978805151091997	31.059306071371584	1.7972889577407312E-4
83.0	30.95979810531344	19.02090809435365	18.963499206419623	31.055620662723825	1.7393118945878045E-4
84.0	30.983342590659845	18.97712188369179	18.947167067729442	31.092142347372626	2.261105462964146E-4
85.0	30.97994126962154	18.93323904459134	18.92237027781894	31.164159522652422	2.898853157646341E-4
86.0	30.95035364172583	18.941475652696596	18.921143096648866	31.18692325021503	1.0435871367526826E-4
87.0	30.99817892112068	18.923891209442314	18.952887471293863	31.124968960529813	7.343761332704063E-5
88.0	31.056126995742027	18.90363209100791	18.94865128054616	31.091493004265313	9.662843858821136E-5
89.0	31.07183877985647	18.931175061143094	18.94971805850817	31.047134753247008	1.3334724525173168E-4
90.0	30.978142048095027	18.970350162715526	18.981296232238797	31.06993133447874	2.8022247190581293E-4
91.0	30.97417834954414	18.9684562453192	18.981852812045066	31.07544108804704	7.150504455527641E-5
92.0	30.98765415158965	18.985476378492123	18.963182265141054	31.063457229093334	2.2997568383994303E-4
93.0	30.983584161756315	18.97401044796925	18.988632263296417	31.05354121872541	2.3190825261170726E-4
94.0	30.966803667111087	18.978673736415516	18.971403412696137	31.082699816353788	4.193674234728373E-4
95.0	30.963968588722906	18.981818025807176	18.976648404342704	31.077462554982304	1.0242614490350404E-4
96.0	30.960775985111955	18.97204309295959	19.003507245132685	31.063594441476127	7.923531964233332E-5
97.0	30.976443320144647	18.96342383623752	18.979974355198912	31.08005219713647	1.062912824470325E-4
98.0	30.950477326127224	18.97661941581113	18.98477872116552	31.087890696074744	2.338408213834715E-4
99.0	30.94316835103241	18.986065811967514	18.993973883381575	31.07656004536589	2.3190825261170726E-4
100.0	30.938246098370726	18.99188091140175	18.984206680809077	31.085473052541268	1.9325687717642272E-4
101.0	30.92398567340388	19.005839855640204	18.98598657664787	31.083899941561054	2.8795274699286986E-4
102.0	30.944845820726304	18.989300932091446	18.989619805938787	31.075873983451917	3.5945779154814624E-4
103.0	30.93678700894805	18.97781567588085	18.980341543265546	31.104472136136486	5.836357690727965E-4
104.0	30.942691006545786	18.974226895671688	18.98115515471846	31.101807123800217	1.1981926384938208E-4
105.0	30.931024088870647	18.98485602391639	18.996924915896056	31.08685483921308	3.4013210383050397E-4
106.0	30.93103761685205	18.98425112989083	18.98651030278502	31.09806953579563	1.3141467647996745E-4
107.0	30.908480674148013	18.99815789477244	18.997152959011125	31.09563836428075	5.70107787670447E-4
108.0	30.942231055178105	18.97408002044503	19.031220281319786	31.052026084808343	4.4255824873400807E-4
109.0	30.932342100772985	18.97185563378873	19.029927392811473	31.065606245567533	2.686270592752276E-4
110.0	30.93969552494955	18.98399216567541	19.003530435957945	31.07248232525747	2.995481596234552E-4
111.0	30.935726028692343	18.99639539205259	19.024500739700358	31.04329860423506	7.923531964233332E-5
112.0	30.94077003318665	18.97431192869764	19.011169880312732	31.073626405970355	1.217518326211463E-4
113.0	30.925168405492197	18.992246166899616	19.00470543777118	31.07744516186336	4.348279736469511E-4
114.0	30.933876560377765	18.9797424469463	19.008570575314707	31.07752826232055	2.8215504067757716E-4
115.0	30.93504962962223	18.976080229123806	19.005536442343036	31.08318295854673	1.5074036419760972E-4
116.0	30.928418986166307	19.000198687395425	18.99903528099482	31.07221176562942	1.3527981402349588E-4
117.0	30.921626006933558	18.99443190218048	19.027181212586797	31.05661013793497	1.5074036419760972E-4
118.0	30.94380223358955	18.99184419259509	19.017595671478844	31.046462219314435	2.956830220799268E-4
119.0	30.91798311479878	19.00359034558987	19.018677909991037	31.059653933750496	9.469586981644714E-5
120.0	30.914494828165743	19.00531226436551	19.031396145078013	31.04837352982971	4.2323256101636574E-4
121.0	30.921481064275675	18.995179806295155	19.031461852416253	31.051730401786266	1.4687522665408125E-4
122.0	30.928009281586693	19.00620704370684	19.012632834872957	31.052959515525107	1.913243084046585E-4
123.0	30.92160474867707	19.002127391029646	19.04079809215265	31.035241725025575	2.2804311506817882E-4
124.0	30.895227117511254	19.013083123396775	19.059487964744378	31.031989211782694	2.12582564894065E-4
125.0	30.900503030258168	19.009531061994274	19.03010712170725	31.059692585125937	1.6620091437172352E-4
126.0	30.914686152474147	18.99767088744196	19.049796132353983	31.03769222222817	1.5460550174113818E-4
127.0	30.91568722309792	18.988531769720286	19.056907985434073	31.038708753402116	1.6426834559995932E-4
128.0	30.89512855650389	19.00539729739147	19.046307845720946	31.052905403599496	2.6089678418817066E-4
129.0	30.91045769200153	18.999048808976227	19.057617238173314	31.032669475990353	2.0678485857877232E-4
130.0	30.88475839247461	18.999945520886325	19.077818379544563	31.03655200665283	9.257004416750648E-4
131.0	30.88410325166098	19.0186257306342	19.070435966836424	31.02660507518456	2.2997568383994303E-4
132.0	30.906364511342932	19.015280454090274	19.066342786177827	31.011836384630737	1.7586375823054468E-4
133.0	30.890190843292036	19.00045571904207	19.07344304384529	31.03560891309221	3.0148072839521943E-4
134.0	30.87632466235463	19.01842087834439	19.06370482980437	31.04097179143385	5.77838062757504E-4
135.0	30.891079824927047	19.009730116577767	19.099901842899513	30.99849779496802	7.904206276515689E-4
136.0	30.9005764678715	19.011840481676533	19.066188180676086	31.021188084917306	2.0678485857877232E-4
137.0	30.88579038419873	18.997508551665128	19.07897598823885	31.03749510021345	2.2997568383994303E-4
138.0	30.844363840007194	19.0131430330287	19.096769148920483	31.045202184475247	5.217935683763413E-4
139.0	30.89044980750745	18.997581989278455	19.1049883639068	31.005870544832298	0.0011092944749926663
140.0	30.87202276426868	19.010636491331724	19.10580197535971	31.01123922088026	2.995481596234552E-4
141.0	30.86493216944508	19.0327933923	19.115414572430463	30.986500408032907	3.5945779154814624E-4
142.0	30.85574473750411	19.0299119322613	19.1039544396139	31.010141521817904	2.473688027858211E-4
143.0	30.85027750044879	19.04103000040526	19.109804325286035	30.99858862570029	2.995481596234552E-4
144.0	30.86066119245948	19.020071292075478	19.11991165996236	30.9991084866999	2.473688027858211E-4
145.0	30.887092935550896	19.012358410107367	19.106880348734354	30.99342866707968	2.3963852769876416E-4
146.0	30.89162674188946	19.03293640238911	19.096769148920483	30.978118857269767	5.488495311810405E-4
147.0	30.878858260014415	19.017802456337428	19.142360378815173	30.960592391078634	3.8651375435284544E-4
148.0	30.881382194830337	18.997344283319528	19.141407622410693	30.979583744398763	2.8215504067757716E-4
149.0	30.881208263640875	19.035195575283304	19.12485130574299	30.95824818515849	4.966701743434064E-4
