# Position (bp)	A	C	G	T	N
0.0	34.965474513270884	18.258897777007547	20.025614518525785	26.749824401537264	1.8878965851861415E-4
1.0	33.529550002703736	16.800021837954784	19.375973892162538	30.294294373896726	1.5989328221474467E-4
2.0	31.379547873040803	19.102134492481287	18.099023759043675	31.41919370132971	1.0017410452008099E-4
3.0	31.592500681424713	19.06351544876371	18.378881310696478	30.965056324913014	4.6234202086191224E-5
4.0	31.364479376010877	18.826411049065026	18.828559013036948	30.980502401259972	4.816062717311586E-5
5.0	31.315342051318694	18.95388837634209	18.774518936498538	30.956215960189116	3.467565156464342E-5
6.0	31.528448973709555	18.568347144420603	18.955387135059716	30.947789776858908	2.696995121694488E-5
7.0	31.023546443402218	18.893444862814743	18.309757325727446	31.77320128100333	5.0087052260040496E-5
8.0	30.92819418087471	18.664337053651884	18.441070165352578	31.966367777319437	3.082280139079415E-5
9.0	31.172566982426357	18.637945029961013	18.644510286657255	31.5449584367045	1.9264250869246343E-5
10.0	31.367135916205747	18.560581724895208	18.55368319665893	31.518549075187853	5.0087052260040496E-5
11.0	31.35975000242248	18.65389005040549	18.588158500014533	31.3980685238265	1.3292333099779977E-4
12.0	31.348470783538534	18.59505124897555	18.58232143200115	31.474116080557934	4.045492682541732E-5
13.0	31.300204202985636	18.670563259532823	18.528878547239692	31.50029041821398	6.357202786851294E-5
14.0	31.270277189260266	18.68479183522485	18.54115950716883	31.5037348662694	3.6602076651568054E-5
15.0	31.154279429076187	18.729733406077713	18.634591123884682	31.48136521816003	3.082280139079415E-5
16.0	31.075157297906014	18.745040779818417	18.63629601008661	31.543450045861437	5.5866327520814394E-5
17.0	30.92944250433104	18.91163802133566	18.64529626809272	31.513588530589022	3.467565156464342E-5
18.0	30.917639297823452	18.863263560977895	18.686059422932043	31.532999189764872	3.852850173849269E-5
19.0	30.94422974329827	18.897991226019883	18.74124379597209	31.41649670620802	3.852850173849269E-5
20.0	31.04144100603466	18.85011763618472	18.75973362395639	31.348644161796358	6.357202786851294E-5
21.0	31.05880387534311	18.86138144366797	18.787870988776014	31.291885899460297	5.7792752607739033E-5
22.0	31.059431889921452	18.844690896714855	18.781848983954287	31.31400896515854	1.9264250869246343E-5
23.0	31.05329815244468	18.920592045139685	18.763170366311464	31.26291439257804	2.5043526130020248E-5
24.0	31.041494945937092	18.86053574305481	18.777857431174176	31.31951468805697	5.971917769466366E-4
25.0	30.959560234140014	18.85660583587748	18.78847973910348	31.282267259001284	0.1130869318777368
26.0	31.000616205592557	18.9059300238031	18.781089972470035	31.312336828183092	2.696995121694488E-5
27.0	31.020078878245755	18.904381178033212	18.832604505719488	31.24290076234998	3.467565156464342E-5
28.0	31.016638283040503	18.890930878076308	18.843300017802093	31.249024867701316	1.059533797808549E-4
29.0	30.976035021483394	18.95306771925506	18.849150570791085	31.221713939243983	3.274922647771879E-5
30.0	31.0112173228459	18.920158599495128	18.874708452419313	31.193857832487055	5.7792752607739033E-5
31.0	31.039599343651563	18.934117475674984	18.86489331660143	31.16137252624624	1.733782578232171E-5
32.0	31.009302456309495	18.926504243731458	18.853729683222703	31.21044435248547	1.9264250869246343E-5
33.0	30.994145343725577	18.954188898655648	18.898191574228925	31.15271709833069	7.570850591613813E-4
34.0	31.029185089631646	18.917794875913472	18.85974012949391	31.193198995107323	8.090985365083464E-5
35.0	30.992792993314556	18.9443988063639	18.895956921128093	31.16683586779276	1.5411400695397075E-5
36.0	31.012531144755183	18.94255907040589	18.91366076767693	31.13121241508535	3.6602076651568054E-5
37.0	31.02159112193899	18.930287742602175	18.88876750270369	31.159322809953753	3.082280139079415E-5
38.0	30.995559339739376	18.946043973388132	18.91247023697321	31.145810864394065	1.1558550521547807E-4
39.0	31.002931768547036	18.957361720773815	18.926517728707065	31.11316566487104	2.3117101043095612E-5
40.0	31.031548813213305	18.914491056889393	18.906721784513827	31.147197890456653	4.045492682541732E-5
41.0	30.97946598456321	18.981216642625203	18.889703745295936	31.149575099013916	3.852850173849269E-5
42.0	30.99486775313317	18.951877188551343	18.910657470966413	31.14254364744664	5.393990243388976E-5
43.0	31.01786926867105	18.932156374936493	18.915388770979902	31.134554762611167	3.082280139079415E-5
44.0	30.998479800171154	18.926170972191418	18.924238767829234	31.15103725565489	7.320415330313611E-5
45.0	31.02784237134606	18.930840626602123	18.92252424950187	31.11877156187399	2.119067595617098E-5
46.0	31.017641950510793	18.91325814483376	18.916866339021574	31.15217192003109	6.16456027815883E-5
47.0	30.953468878015162	18.966504534236357	18.915668102617506	31.16431610377906	4.238135191234196E-5
48.0	30.99499489718891	18.949625197624727	18.955471897763545	31.098960206280058	9.478011427669201E-4
49.0	30.99581170142576	18.942115992635895	18.91843252261724	31.14360703409462	3.274922647771879E-5
50.0	30.967146496132326	18.9575254669062	18.90877920650666	31.166512228378156	3.6602076651568054E-5
51.0	30.980151791894155	18.981133806346463	18.957835621345197	31.07863064233774	0.002248138076441048
52.0	31.011334834776207	18.928998964219023	18.92667184271402	31.13295005051376	4.430777699926659E-5
53.0	30.986085181161883	18.964967247016993	18.919245474003922	31.12969053926668	1.1558550521547806E-5
54.0	31.00664013683937	18.92729022516692	18.932636054783135	31.13340468683427	2.8896376303869517E-5
55.0	30.992922063795376	18.947617862684147	18.933969140943287	31.125454330500528	3.6602076651568054E-5
56.0	30.992284417091604	18.945841698754005	18.93409628499903	31.127762187754666	1.5411400695397075E-5
57.0	31.010219434650878	18.959565551073258	18.949496127143902	31.080689990755666	2.8896376303869517E-5
58.0	31.024783208308026	18.953834436439656	18.92356259262372	31.09780049837773	1.9264250869246343E-5
59.0	30.9931397498302	18.983707510262597	18.91869066357889	31.10401707213323	4.450041950795906E-4
60.0	31.00577324555025	18.963734334961362	18.9547417826556	31.075729446156835	2.119067595617098E-5
61.0	30.99422047430396	18.96443748011809	18.932792095215177	31.108526833261724	2.3117101043095612E-5
62.0	30.974572864842422	18.9810548229179	18.913186867105548	31.131162328033092	2.3117101043095612E-5
63.0	30.979365810458688	18.971923568005877	18.931191235967944	31.117496268466443	2.3117101043095612E-5
64.0	31.004085697174105	18.934685771075625	18.92959615599597	31.131595773677645	3.6602076651568054E-5
65.0	30.981777694667517	18.96852728057763	18.933495240371904	31.116163182306295	3.6602076651568054E-5
66.0	30.99843934524433	18.955608673944713	18.95401166754765	31.091894079061216	4.6234202086191224E-5
67.0	31.00093213930681	18.96147849118457	18.92976568140362	31.107767821777475	5.5866327520814394E-5
68.0	30.961243929665986	18.989769970011146	18.955500794139844	31.0918960054863	0.0015893006967128234
69.0	31.00304157477699	18.962732593916158	18.95197736265586	31.0815684405953	6.80028055684396E-4
70.0	30.97773027555989	18.96443940654318	18.937311488469103	31.12047066880066	4.816062717311586E-5
71.0	30.965233556021012	18.97747745153148	18.926103547313375	31.131162328033092	2.3117101043095612E-5
72.0	30.98624892729427	18.94880261411261	18.95053832311593	31.114350416299498	5.971917769466366E-5
73.0	30.985075734416334	18.94217956466376	18.93304253047648	31.139671347642032	3.082280139079415E-5
74.0	30.98614490033958	18.959962394641163	18.92266873138339	31.1311758130087	4.816062717311586E-5
75.0	30.98381970525966	18.963273919365587	18.937968399423745	31.11489366817401	4.430777699926659E-5
76.0	30.970117043616362	18.935487163911784	18.94588408010592	31.148455846038413	5.5866327520814394E-5
77.0	30.96928868082899	18.96340876912167	18.953674543157444	31.113523979937206	1.0402695469393027E-4
78.0	30.991207545468015	18.96800714580416	18.951152852718657	31.08959970678269	3.274922647771879E-5
79.0	30.97260020555341	18.95227210569416	18.959203383156915	31.11584532216695	7.898342856391001E-5
80.0	30.943620992970803	18.97717692921792	18.978504236102815	31.100653533931467	4.430777699926659E-5
81.0	30.96634895614634	18.975880445134422	18.964645534027476	31.093069198364244	5.5866327520814394E-5
82.0	30.963950556913115	18.95826714056467	18.948182305234617	31.12954605738516	5.393990243388976E-5
83.0	30.963742503003733	18.974275733037015	18.941274144872907	31.12065753203409	5.0087052260040496E-5
84.0	30.976021536507787	18.949538508495813	18.959293925136002	31.11508823710779	5.7792752607739033E-5
85.0	30.967568383226364	18.948114880356577	18.94185592524916	31.142376048464076	8.476270382468392E-5
86.0	30.939677600817866	18.978018776980907	18.950237800802366	31.132017660771684	4.816062717311586E-5
87.0	30.983303423336363	18.97465331235405	18.943133145081788	31.0988658114508	4.430777699926659E-5
88.0	30.993449904269195	18.940291668078576	18.971530577288146	31.09469895398778	2.8896376303869517E-5
89.0	30.966607097107985	18.982869515349783	18.953117806307322	31.097361273457906	4.430777699926659E-5
90.0	30.98982629868069	18.977828060897302	18.955853329930754	31.076440297013907	5.2013477346965136E-5
91.0	30.98107454951079	18.96079846312889	18.964978805567515	31.09308268333985	6.549845295543758E-5
92.0	30.9899572955866	18.96804374788081	18.953331639491967	31.08862878853888	3.852850173849269E-5
93.0	30.97212245213185	18.96269599183951	18.969332526263965	31.09582013338837	2.8896376303869517E-5
94.0	30.97196063242455	18.95837887321971	18.950734818474793	31.11888329452903	4.238135191234196E-5
95.0	30.955882688649076	18.970264916006034	18.944533656119983	31.128567433441003	7.513057839006075E-4
96.0	30.957612618377134	18.956774161122304	18.970567364744685	31.114991915853444	5.393990243388976E-5
97.0	30.974439941511424	18.952734447715024	18.96329703646663	31.109472707979407	5.5866327520814394E-5
98.0	30.948962969736844	18.980987398039858	18.964672503978694	31.105288512690603	8.861555399853318E-5
99.0	30.96141345507364	18.990334412561616	18.980349751336085	31.067361055579234	5.413254494258222E-4
100.0	30.96608118305926	18.965743596327023	18.95593809263458	31.112175482376358	6.16456027815883E-5
101.0	30.943191400176417	18.98230121994914	18.97230500017309	31.102131101973136	7.127772821621147E-5
102.0	30.943014169068423	18.966820467950615	18.984389464743366	31.105723884760252	5.2013477346965136E-5
103.0	30.933696050922965	18.973031262430858	18.978619821608028	31.11458158730993	7.127772821621147E-5
104.0	30.94500223975813	18.97741773235379	18.962952206376073	31.1145565437838	7.127772821621147E-5
105.0	30.94887050133267	18.97947130149645	18.978253800841514	31.092913157932202	4.912383971657818E-4
106.0	30.929407828679473	18.96515218382534	18.969608005051395	31.135774189691183	5.7792752607739033E-5
107.0	30.927325363160506	18.982636417914268	18.97469184085579	31.115292438167003	5.393990243388976E-5
108.0	30.947681897054043	18.952576480857893	19.005445290943452	31.094242391242176	5.393990243388976E-5
109.0	30.9492056992978	18.959731223630733	19.022983464934814	31.067022004763935	0.0010576073727216243
110.0	30.936861167340783	18.974755412883656	18.993705656463735	31.09460263273343	7.513057839006073E-5
111.0	30.93427012559887	18.98296776302922	19.010667829354105	31.07200951931398	8.476270382468392E-5
112.0	30.943310838531808	18.973711290486545	18.99967372138303	31.083232871870404	7.127772821621147E-5
113.0	30.93241305181508	18.988047745983437	18.991043336993606	31.088407249653883	8.861555399853318E-5
114.0	30.946601172580273	18.98086603325938	18.989883629091274	31.082525873863503	1.232912055631766E-4
115.0	30.951798667464796	18.959758193581948	18.983457075001294	31.104912859798656	7.320415330313611E-5
116.0	30.94333973490811	18.971507460187105	18.994547504226723	31.09051283227389	9.246840417238245E-5
117.0	30.946063699981025	18.979814205161922	19.00423934883904	31.069776792638237	1.059533797808549E-4
118.0	30.931648261055567	18.977912823601127	18.99257484493771	31.097783160551945	8.090985365083464E-5
119.0	30.93105106927862	18.992962056380183	18.99632752100704	31.079561105654722	9.824767943315634E-5
120.0	30.929978050505202	18.987858956324917	18.998918562748955	31.083124992065535	1.1943835538932732E-4
121.0	30.95343998163886	18.977743298193477	18.99293893927914	31.07579687103488	8.090985365083464E-5
122.0	30.927697163202282	19.00066005102753	18.996849582205595	31.074683397334635	1.0980622995470416E-4
123.0	30.92365937622009	18.99779353049819	19.02363267018911	31.054787279036876	1.2714405573702588E-4
124.0	30.915477848875923	19.006543353243	19.01512365058016	31.06271451826957	1.406290313454983E-4
125.0	30.90175784940684	19.00553583292254	18.999594737954464	31.092984435660416	1.2714405573702588E-4
126.0	30.922451507690585	18.991621264519683	19.013156770566415	31.072620196066538	1.5026115678012147E-4
127.0	30.934248934922913	18.972921456200904	19.02390236970128	31.068769272317777	1.5796685712782003E-4
128.0	30.898556130912375	19.001311182706914	19.013124021339937	31.086883447410123	1.2521763065010124E-4
129.0	30.906573912124152	18.992757855320967	19.0228235716526	31.077684767620063	1.5989328221474467E-4
130.0	30.921451693070473	18.9951697395298	19.02003025527656	31.063196124541303	1.5218758186704613E-4
131.0	30.909571429559406	19.001742701926386	19.030985834745902	31.05751509695996	1.849368083447649E-4
132.0	30.895121314982386	19.008660494413533	19.039583469908845	31.056478680263194	1.5604043204089539E-4
133.0	30.89020700458564	19.004561061828557	19.044761700542498	31.06028336980987	1.8686323343168954E-4
134.0	30.891595957073314	19.01980486354139	19.036304694410898	31.052069093239226	2.2539173517018224E-4
135.0	30.896155805254068	19.004932861870333	19.06392385088214	31.034831441561423	1.5604043204089539E-4
136.0	30.907483184765184	18.99417377775986	19.03673621363037	31.06140647563555	2.0034820904016198E-4
137.0	30.881726881353	19.025765222760334	19.03723901057806	31.05349850065372	0.001770384654883739
138.0	30.89908589781128	19.000557950497925	19.058630034743267	31.04150457806253	2.2153888499633294E-4
139.0	30.9053448529187	18.995040669048972	19.049342739399204	31.050090654674957	1.8108395817091562E-4
140.0	30.894838130494612	19.007957349256806	19.05698872056921	31.03999426079438	2.2153888499633294E-4
141.0	30.882387645157817	19.02970283563801	19.060704794561886	31.02699089145764	2.1383318464863443E-4
142.0	30.86384773012125	19.038117460417695	19.05587332044388	31.04191683303113	2.4465598603942853E-4
143.0	30.866739294176725	19.03604270059908	19.060689383161193	31.036270481101358	2.58140961647901E-4
144.0	30.860008364923015	19.029078673909844	19.06451141053365	31.04610873402028	2.9281661321254443E-4
145.0	30.90453190153201	19.00087003136201	19.050514005852058	31.043764274689494	3.1978656442948933E-4
146.0	30.911894698214244	19.035956011470166	19.034251125268238	31.017601495583968	2.966694633863937E-4
147.0	30.914601325461373	19.00954472352843	19.080296537695908	30.995310830903165	2.465824111263532E-4
148.0	30.91190240391459	18.994189189160554	19.07504125005878	31.018578193103043	2.8896376303869515E-4
149.0	30.87621537917931	19.06659194962753	19.08091106729864	30.975177762319717	0.0011038415748078156
