# Position (bp)	A	C	G	T	N
0.0	34.426845320409015	18.9956674889349	20.76289498841202	25.81435490374739	2.372984966792969E-4
1.0	32.84530100069934	17.12244473168495	19.2951690598413	30.73690771621592	1.7749155849183185E-4
2.0	30.745600944069885	19.866848147926714	17.751474814980003	31.63598541798809	9.067503531647932E-5
3.0	31.131251515551224	18.971476547066104	18.252159208924752	31.64503748747117	7.52409867519722E-5
4.0	31.456134379321952	18.830199054274814	18.918099819361824	30.795514657127498	5.208991390521152E-5
5.0	32.05265071005981	18.430065557471757	18.578369400872035	30.938889251267486	2.5080328917324065E-5
6.0	31.86159262287977	18.261602917390164	18.660551850965895	31.21620437736241	4.823140176408474E-5
7.0	31.141540238175537	18.843206098702552	17.990202890407588	32.02499675354435	5.401916997577491E-5
8.0	30.93718764741325	18.559325714199502	18.48688793651806	32.016554328979566	4.4372889622957964E-5
9.0	30.95767055911442	18.441529197043042	18.867179034635377	31.733601916646453	1.9292560705633895E-5
10.0	31.591541145890517	18.522583032335625	18.844041466581107	31.04178612379099	4.823140176408474E-5
11.0	31.4957960256206	18.594688977972933	18.274488418685454	31.634870307979302	1.5626974171563458E-4
12.0	31.282389436119157	18.563207377413477	18.37959428940975	31.77478574598477	2.3151072846760676E-5
13.0	30.983030630161977	19.054693078413784	18.743666131741836	31.21855999902457	5.016065783464813E-5
14.0	31.472936270440492	18.717493843888573	18.59776035363727	31.211780593192607	2.8938841058450844E-5
15.0	31.09000209150651	18.64255960885182	18.671236071084675	31.596169431203798	3.279735319957763E-5
16.0	31.158893896530255	18.865583539865018	18.570073599768612	31.40538915689793	5.9806938187465083E-5
17.0	31.423009052590384	18.581932736834368	18.57955396409936	31.415484953915186	1.9292560705633895E-5
18.0	30.834431610582904	18.88968573595457	18.893850999810912	31.382006573322695	2.5080328917324065E-5
19.0	31.089585372195266	18.817815159557867	18.93212744025089	31.160427655106353	4.4372889622957964E-5
20.0	31.028831169277154	18.87541888731275	18.834354671850807	31.261339323133242	5.59484260463383E-5
21.0	30.872949208031702	19.002433389974364	18.74299475062928	31.38156477368254	5.787768211690169E-5
22.0	30.99328655543309	19.026610827050664	18.77251429776497	31.207565168678425	2.3151072846760676E-5
23.0	31.019466560310637	18.843418316870316	18.465577373962617	31.671495305222873	4.2443633552394574E-5
24.0	31.010358542401505	18.751051323979954	18.906939072993616	31.33113016148587	5.208991390521152E-4
25.0	31.20343848994349	18.823369487785023	18.714540152844542	31.14497624323721	0.11367562618973603
26.0	30.840693975787953	18.873215676880168	18.7783059244888	31.5077632010263	2.1221816776197287E-5
27.0	30.81134034467433	19.076159910710942	19.187460622677815	30.92499281979122	4.630214569352135E-5
28.0	31.350930116538063	18.67211195334071	18.749683481425926	31.227179915147847	9.45335474576061E-5
29.0	31.281662106580555	18.611488939835397	18.75114971603955	31.355662581679155	3.66558653407044E-5
30.0	30.584878479343384	19.154150087363465	18.808417753238153	31.45248615609252	6.752396246971864E-5
31.0	31.184763291180438	19.11765049176448	18.706032133573355	30.99152514464067	2.8938841058450844E-5
32.0	30.89365205492492	19.049389553475805	18.67960904243092	31.37732426883944	2.5080328917324065E-5
33.0	31.195119537767223	18.72614462810898	18.905424606978226	31.172499010339866	8.122168057071871E-4
34.0	31.229165119644453	18.76377476776532	18.6659846360606	31.340994447774662	8.102875496366237E-5
35.0	30.998979790097327	18.786094331245668	18.515394624216704	31.69951774964781	1.3504792493943727E-5
36.0	30.948087944211935	18.831011271080524	19.07149304027625	31.149388451870593	1.9292560705633895E-5
37.0	31.45515624649418	18.84257523196748	18.986594197635036	30.71562995101368	4.4372889622957964E-5
38.0	31.103234858894503	18.830710307133515	18.871296067089958	31.19464301151779	1.1575536423380338E-4
39.0	31.19469317217563	18.968297133061814	19.127427961530096	30.709554723647475	2.7009584987887455E-5
40.0	31.034121189422635	18.9643788139825	18.948744122786653	31.052715359430728	4.0514377481831185E-5
41.0	31.076385402160472	18.955807129260986	18.932758306985967	31.035010576471166	3.858512141126779E-5
42.0	31.087629106539715	18.94228690271848	18.982957549942025	30.98708013865409	4.630214569352135E-5
43.0	30.997390083095183	18.857665872951426	18.773994037171093	31.370905633892676	4.4372889622957964E-5
44.0	30.887518949876597	18.949156983585755	18.70220256027329	31.461050123789754	7.138247461084542E-5
45.0	31.192696392142594	18.774931655621387	18.784022310225883	31.248297552096233	5.208991390521152E-5
46.0	31.21510663065826	18.743052628311396	18.796977264739713	31.244799810840302	6.366545032859186E-5
47.0	31.102054154179314	18.880558425484733	18.816524487246664	31.20082820648002	3.472660927014101E-5
48.0	31.295016417100996	18.6912501735607	18.99006107079384	31.022750154142738	9.221844017293004E-4
49.0	31.074890228705783	18.828379765800275	18.9670199655431	31.1296733840855	3.66558653407044E-5
50.0	30.897732431514157	18.984169122754338	19.030633325957787	31.087434251676587	3.086809712901423E-5
51.0	30.895816680236088	19.079761831794684	18.977569137736943	31.0447475318593	0.0021048183729846584
52.0	30.92930470710893	19.053855781279157	18.913297901002192	31.103487591439745	5.401916997577491E-5
53.0	30.895947869648886	19.000224391773568	18.88417963912918	31.21961916060731	2.8938841058450844E-5
54.0	31.047598972331592	18.972244390982187	18.847627953616286	31.132497814972805	3.086809712901423E-5
55.0	30.980929670301133	18.810783021180665	18.589256192878224	31.619002176798915	2.8938841058450844E-5
56.0	31.22639856643927	18.816246674372504	18.845914774225626	31.111420692401904	1.9292560705633895E-5
57.0	31.214751647541277	18.801528379810172	18.96395823615912	31.019723151368023	3.858512141126779E-5
58.0	31.083836189104986	18.859645289679825	19.035699552399088	31.02080546402361	1.3504792493943727E-5
59.0	31.090349357599205	18.922199488511772	18.965497782503427	31.021517359513645	4.3601187194732607E-4
60.0	30.835363441264985	19.07492132831364	18.989322165718814	31.10036219660543	3.086809712901423E-5
61.0	30.92294009133214	19.03095744097764	19.019588334953813	31.02648712315142	2.7009584987887455E-5
62.0	31.035612504365183	19.00790090167834	18.743669990253977	31.212795381885726	2.1221816776197287E-5
63.0	31.09127540051308	18.891298594029557	18.753601800505237	31.26379140759893	3.279735319957763E-5
64.0	30.8499775559995	19.04187510108096	18.871629828390166	31.236494363456522	2.3151072846760676E-5
65.0	30.952640988538466	18.960981394042236	18.8803770754141	31.205969673908072	3.086809712901423E-5
66.0	30.948740032763784	18.911881827046397	18.95756082302913	31.18178066129535	3.66558653407044E-5
67.0	31.13312482319574	18.73596840002029	18.861130816854157	31.26973351629626	4.2443633552394574E-5
68.0	31.094842594987547	18.78710333217057	18.902906927806136	31.213717566287453	0.0014295787482874716
69.0	31.0668278675869	18.958423200492668	18.986466866734382	30.987575957464227	7.061077218262006E-4
70.0	30.960246115968626	18.988909304919712	19.002879048126662	31.047911511815023	5.401916997577491E-5
71.0	30.883291949825992	19.074344480748543	18.996863627698644	31.045449781068985	5.016065783464813E-5
72.0	30.903817305160715	19.04005388335035	18.995572955387438	31.06049797841938	5.787768211690169E-5
73.0	30.970421012484778	19.004731133954404	18.867620834275534	31.157194221932087	3.279735319957763E-5
74.0	31.021484562160445	18.88191855101448	18.884092822606004	31.212455832817305	4.823140176408474E-5
75.0	30.965484046200203	18.941320345427126	18.84734049446177	31.24582038730163	3.472660927014101E-5
76.0	31.128625798039185	18.77313937673183	18.798786906933902	31.299384252844753	6.366545032859186E-5
77.0	31.37827925059437	18.698523468946725	18.90585097256982	31.01724984508556	9.646280352816948E-5
78.0	31.057679335300286	18.88147096360611	18.898888287411157	31.161917040792826	4.4372889622957964E-5
79.0	31.016441486791997	18.91883679518078	19.007578715914555	31.057054256333423	8.874577924591593E-5
80.0	30.89427906314785	18.987911879531232	19.071929052148196	31.045833703027025	4.630214569352135E-5
81.0	30.881370410779713	19.08172774373059	19.05224292320417	30.984575964274498	8.295801103422575E-5
82.0	30.929349079998552	19.096501986718962	18.99280061441404	30.981298158210613	5.016065783464813E-5
83.0	30.964451894202455	19.057459631618972	18.951697813830688	31.026344358202195	4.630214569352135E-5
84.0	30.99516758010189	18.95576082711529	18.911806586059647	31.137216775321402	4.823140176408474E-5
85.0	31.007329610370725	18.87976550123973	18.840493564667344	31.27233222422331	7.909949889309897E-5
86.0	30.985440270994115	18.864927592801028	18.816865965571154	31.33271215146373	5.401916997577491E-5
87.0	31.065859381039473	18.854760413309158	18.886776417800156	31.192549768681232	5.401916997577491E-5
88.0	31.16369967340203	18.835303865837528	18.85880220477699	31.142136378301338	5.787768211690169E-5
89.0	31.19811374318874	18.864863927350697	18.916382781459024	31.02059517511192	4.4372889622957964E-5
90.0	30.9761277519415	18.97291963060688	18.97299873010578	31.077874787846945	7.909949889309897E-5
91.0	30.95812007577886	18.997097067683182	18.97352927552518	31.071162905977456	9.067503531647932E-5
92.0	30.9893798118902	18.994031479787058	18.938987874837814	31.077541026546733	5.9806938187465083E-5
93.0	31.005240226046304	18.97355242659803	18.961097149406474	31.06005232026708	5.787768211690169E-5
94.0	30.96869239904555	18.974781362714978	18.974900976591353	31.081571242478145	5.401916997577491E-5
95.0	30.9699541325157	18.998092563815593	18.95106694709561	31.080141663729854	7.446928432374684E-4
96.0	30.9702493086945	18.98064630116949	18.99197682207191	31.057048468565213	7.909949889309897E-5
97.0	31.016053706321813	18.9362232508887	18.9689009902119	31.078729448286204	9.26042913870427E-5
98.0	30.958025542231404	18.96763925674175	18.987159469663712	31.087094702608166	8.102875496366237E-5
99.0	30.913205065200078	19.001717635972184	19.02704490966654	31.057507631510006	5.247576511932421E-4
100.0	30.926659697036186	19.003571651055996	18.969603239421584	31.100088242243412	7.717024282253558E-5
101.0	30.922797326382916	19.007790934082315	18.960607118364546	31.10871587539097	8.874577924591593E-5
102.0	30.928380593451127	19.001927924883873	18.96745211890291	31.102162192519266	7.717024282253558E-5
103.0	30.945830714609375	18.982513821045796	18.933431617354593	31.138158252283837	6.559470639915526E-5
104.0	30.959350941151882	18.95926821465158	18.93851906561267	31.14278267908498	7.909949889309897E-5
105.0	30.92773429266749	18.980086816909026	18.966888776130304	31.124825163580176	4.6495071300577687E-4
106.0	30.92670599918188	18.96577173686545	18.957529954932	31.149880412168585	1.118968520926766E-4
107.0	30.930188306389244	18.967004531494535	18.977810294745762	31.124910050847284	8.681652317535253E-5
108.0	30.945969621046455	18.959017411362403	19.016239146415316	31.078700509445145	7.33117306814088E-5
109.0	30.959283417189415	18.965140870130373	19.027720149291234	31.04680604808659	0.0010495153023864841
110.0	30.935754210152822	18.985523460515875	18.982060445869212	31.096580854707128	8.102875496366237E-5
111.0	30.917416631202116	18.99577359801878	19.005568431089028	31.081137159862266	1.0417982781042304E-4
112.0	30.925172240605782	18.982176201233447	19.001341431038423	31.091229098367386	8.102875496366237E-5
113.0	30.923439768654415	18.995044339224105	18.970075907158872	31.1113358051348	1.0417982781042304E-4
114.0	30.9235979676522	18.988160753564333	18.986763972169246	31.10130946133608	1.678452781390149E-4
115.0	30.948157397430474	18.972854035900486	18.972093909008684	31.10679433634469	1.0032131566929626E-4
116.0	30.948931029114767	18.97003153426925	18.97057944299329	31.110334521234172	1.2347238851605693E-4
117.0	30.950817841551782	18.978300325787682	18.988193550917533	31.08255323381806	1.3504792493943728E-4
118.0	30.94482557219661	18.98526108169028	18.99388678558177	31.075912734423184	1.1382610816323998E-4
119.0	30.931835891073504	19.00197422702957	18.9824675189001	31.083600819864376	1.2154313244549354E-4
120.0	30.90986359368586	19.0093189048902	19.004432099263465	31.076256142003743	1.292601567277471E-4
121.0	30.930597308676205	18.994942088652365	18.98674467960854	31.087596309186516	1.1961387637493017E-4
122.0	30.925658413135565	19.000940145775747	18.986866222740986	31.086386665630272	1.48552717433381E-4
123.0	30.91221921534802	19.008317620989583	19.021725950679997	31.057580943240687	1.5626974171563458E-4
124.0	30.926920146605713	19.01568159141092	18.995244981855443	31.06200858592263	1.4469420529225423E-4
125.0	30.913440434440687	19.00496264468287	18.98242314601048	31.09900978809997	1.639867659978881E-4
126.0	30.91321278222436	18.99718967197457	19.00975491676215	31.079672854504707	1.697745342095783E-4
127.0	30.937272534680353	18.980684886290902	19.0245831789205	31.05728576706189	1.7363304635070506E-4
128.0	30.89528034704847	18.996985170831092	19.00157101251082	31.106001412099687	1.6205750992732474E-4
129.0	30.915410204888733	19.0019722977735	19.016150400636068	31.066285746631074	1.8135007063295865E-4
130.0	30.913724035083057	19.004405089678478	19.018675796832436	31.063000223542904	1.9485486312690236E-4
131.0	30.899642395024017	19.02717995759148	19.023873212686535	31.049125013883412	1.7942081456239522E-4
132.0	30.8987780883044	19.025443627127974	19.01607901816146	31.059471614189842	2.2765221632647996E-4
133.0	30.883440502543426	19.020786402973634	19.027646837560557	31.06789667544999	2.2958147239704335E-4
134.0	30.893831475739482	19.025601826125758	19.010229513755508	31.070101815138646	2.3536924060873351E-4
135.0	30.902059752880433	19.01061536496962	19.042201145356884	31.044863287223535	2.604495695260576E-4
136.0	30.886996121481474	19.005634025795427	19.025740732562838	31.081391821663583	2.372984966792969E-4
137.0	30.877508040126443	19.028763876825412	19.02057804331801	31.071446506619825	0.0017035331103074731
138.0	30.89084691659832	19.012135618753227	19.03879407913627	31.057941714125885	2.816713863022549E-4
139.0	30.896435971434737	18.999965871460113	19.03882687648947	31.064514689558294	2.565910573849308E-4
140.0	30.879284884967433	19.0127992828415	19.038126556535858	31.06953847236604	2.5080328917324065E-4
141.0	30.86610227823727	19.035662896533744	19.058731011369474	31.03922793024142	2.758836180905647E-4
142.0	30.872810301594622	19.032574157564774	19.050163185160102	31.044155250245637	2.97105434866762E-4
143.0	30.863322220239592	19.046254512361138	19.04046867340552	31.049674851863518	2.797421302316915E-4
144.0	30.864962087899567	19.021932381079544	19.06677407992765	31.04602084086587	3.1061022736070574E-4
145.0	30.903560714103328	19.01102050874444	19.03061596265315	31.054484487247436	3.183272516429593E-4
146.0	30.91933624099233	19.022763890445958	19.017464224020124	31.04011731728995	3.183272516429593E-4
147.0	30.911557480515818	19.01300185472891	19.06217473345543	31.012943745536063	3.2218576378408606E-4
148.0	30.897390953189667	19.016215995342467	19.05152716920199	31.03450511138068	3.6077088519535387E-4
149.0	30.892986461580573	19.050581833727414	19.06241974897639	30.992721283404418	0.0012906723112069078
