# Position (bp)	A	C	G	T	N
0.0	35.124560097594596	18.20696661547759	19.93602431263145	26.732369759163007	7.921513336727476E-5
1.0	33.53788484040092	16.772728323952492	19.053702972269658	30.63543269344186	2.5116993506696877E-4
2.0	31.511658332687215	18.92411860653934	17.95798572299855	31.606138801877293	9.853589760319543E-5
3.0	31.757397200927468	18.88560073095861	18.187748251292117	31.169203582834793	5.023398701339376E-5
4.0	31.52490851280021	18.653198986270414	18.669642888711603	31.1521781253901	7.148682767290649E-5
5.0	31.481295751690464	18.769017307482642	18.5828578799167	31.16677109861749	5.7962292707762025E-5
6.0	31.69060531896389	18.410514730855862	18.811329781159305	31.087513459568893	3.670945204824928E-5
7.0	31.169141756389234	18.714776193966717	18.21940918764552	31.896612967629395	5.989436913135409E-5
8.0	31.052890650058124	18.5130751436494	18.339027903182956	32.0949560691225	5.023398701339376E-5
9.0	31.328111072445967	18.48980714728008	18.497187679218204	31.684857391603703	3.670945204824928E-5
10.0	31.50745027023663	18.42273318215866	18.40541018494473	31.66437351736078	3.284529920106514E-5
11.0	31.509604535448936	18.526806410791867	18.440798096719245	31.52276004381718	3.091322277747308E-5
12.0	31.49185261726897	18.46246246965698	18.43693974010133	31.608667889915772	7.728305694368269E-5
13.0	31.42174915631536	18.53401498792829	18.40564589826841	31.63854358765378	4.636983416620962E-5
14.0	31.410251369518562	18.559508736337587	18.410920466904816	31.619263397022753	5.603021628416995E-5
15.0	31.31208256643585	18.602468455616155	18.50774068064386	31.577671587852084	3.670945204824928E-5
16.0	31.24488301634689	18.605354977793002	18.514526133043514	31.63517211429461	6.375852197853823E-5
17.0	31.100270960193875	18.762351643821248	18.526304070921736	31.610997974082622	7.535098052009063E-5
18.0	31.044696713945676	18.718787184622094	18.539880771950315	31.57972731716679	0.11690801231513241
19.0	31.103659822240854	18.76062050334571	18.619942154791126	31.515727285635297	5.023398701339376E-5
20.0	31.181128358521203	18.716209794673023	18.63188625124177	31.47065773890217	1.1785666183911611E-4
21.0	31.20283523714026	18.732201591231092	18.66139485445929	31.403525811488038	4.250568131902548E-5
22.0	31.19970140918119	18.72764961917711	18.639973923150926	31.432595833357404	7.921513336727476E-5
23.0	31.203561697875532	18.775779574965213	18.668027672821484	31.352528654287326	1.0240005045037957E-4
24.0	31.1766401449892	18.74391963474018	18.65978543479844	31.419596823179475	5.7962292707762025E-5
25.0	31.130805495992327	18.751162989252226	18.68852893575222	31.429392450647086	1.1012835614474783E-4
26.0	31.135836622999356	18.771011210351787	18.677527692596286	31.41556457968344	5.989436913135409E-5
27.0	31.14693446997647	18.782497404690044	18.719987004081144	31.350554072182412	2.7049069930288944E-5
28.0	31.1433253512172	18.760133620086965	18.73326423326407	31.363236221826874	4.057360489543342E-5
29.0	31.104708939738863	18.827153487068525	18.734133667654685	31.333967196085876	3.670945204824928E-5
30.0	31.145657367460476	18.792260186858453	18.746541462446995	31.31544631148932	9.467174475601131E-5
31.0	31.16556741500559	18.805999182306614	18.737607541064307	31.290779491789323	4.636983416620962E-5
32.0	31.121577898993248	18.818619505505517	18.739777262887998	31.319973166549797	5.2166063436985816E-5
33.0	31.11691579858312	18.818859082982044	18.7710614443388	31.292829424874753	3.342492212814277E-4
34.0	31.158702747472567	18.80318414695744	18.74713654198546	31.290924397521092	5.2166063436985816E-5
35.0	31.117514742274434	18.822338752620933	18.795218195862972	31.26482011296194	1.0819627972115578E-4
36.0	31.14396100436056	18.821745605158892	18.801045338356527	31.23320361436628	4.443775774261755E-5
37.0	31.151880585620866	18.813082174475504	18.78650453119257	31.248428376584187	1.0433212687397163E-4
38.0	31.10917590043021	18.82778720813546	18.81243879302645	31.2505343398859	6.375852197853823E-5
39.0	31.12523725173953	18.838904375876815	18.8236216513662	31.212194215336137	4.250568131902548E-5
40.0	31.143342739905012	18.819488939896136	18.782282944207022	31.25483320992839	5.2166063436985816E-5
41.0	31.09259482056294	18.863524825742648	18.783929073319925	31.259897182234624	5.409813986057789E-5
42.0	31.112354166147014	18.825652263687395	18.80818629281812	31.253764771666148	4.250568131902548E-5
43.0	31.129984363512296	18.822796654733327	18.808315741938504	31.238783451077612	1.1978873826270818E-4
44.0	31.119860283052674	18.813715895542444	18.80424292483757	31.262014737994885	1.661585724289178E-4
45.0	31.137463431348024	18.824964444480596	18.814784333804692	31.2227472167618	4.057360489543342E-5
46.0	31.136369876092267	18.809892316300154	18.807086941333097	31.246575515293962	7.535098052009063E-5
47.0	31.108899613501634	18.828219993254347	18.83634051046271	31.226483852565025	5.603021628416995E-5
48.0	31.1089865569407	18.834825762546608	18.837441794024155	31.218610641138888	1.3524534965144472E-4
49.0	31.116668492800898	18.832331451883753	18.83131904383779	31.219557358586446	1.236528911098923E-4
50.0	31.072000817963875	18.843682400872357	18.808375636307634	31.275900571251242	4.057360489543342E-5
51.0	31.11684237967902	18.8313770061305	18.82322557569936	31.228499008274834	5.603021628416995E-5
52.0	31.12447987778148	18.817580048389626	18.82411046670137	31.233746527841312	8.30792862144589E-5
53.0	31.075152034610753	18.86782949201441	18.835963755560105	31.22088276301303	1.7195480169969398E-4
54.0	31.121546985770472	18.840784286236968	18.81464522430219	31.222853480965096	1.7002272527610193E-4
55.0	31.103265678650445	18.838029145256925	18.84081326738332	31.217841674722298	5.023398701339376E-5
56.0	31.092629597938565	18.846109088860388	18.855734693602724	31.205401034630786	1.2558496753348438E-4
57.0	31.108729590776356	18.864146954351042	18.860754228151215	31.1662803512059	8.88755154852351E-5
58.0	31.117510878121585	18.856188731562266	18.821189167148898	31.205012687269644	9.853589760319543E-5
59.0	31.087981022063403	18.881562691233302	18.831699662893236	31.19859239731405	1.6422649600532572E-4
60.0	31.100614869797273	18.87580123933815	18.8435143102235	31.179990365507702	7.921513336727476E-5
61.0	31.10299325587472	18.86847480553989	18.828610272691915	31.19980574130807	1.1592458541552405E-4
62.0	31.07896981762377	18.87851773878972	18.819941045779256	31.222488318521037	8.30792862144589E-5
63.0	31.09355506254547	18.868668013182248	18.83336124861753	31.204324868062848	9.080759190882717E-5
64.0	31.089918894716266	18.8443083936336	18.835090457016644	31.23045426961551	2.2798501798386396E-4
65.0	31.075922933103765	18.86265152719918	18.852046359710087	31.209328945999953	5.023398701339376E-5
66.0	31.09217942413187	18.86511878879211	18.858329472239607	31.184306624238012	6.569059840213029E-5
67.0	31.0969072151404	18.853134118736566	18.85329641315615	31.196584969909942	7.728305694368269E-5
68.0	31.07395414722813	18.87119130499146	18.863971135396497	31.190781012333467	1.0240005045037957E-4
69.0	31.081386845229687	18.860957096175692	18.857958513566278	31.1996202619714	7.728305694368269E-5
70.0	31.079634451913485	18.856625380834	18.86007413725011	31.20356942618122	9.660382117960337E-5
71.0	31.067864242340963	18.88776852070588	18.843359744109616	31.200899296563822	1.0819627972115578E-4
72.0	31.07826847388201	18.86784688070222	18.846932153416837	31.206906122164767	4.636983416620962E-5
73.0	31.082103645582837	18.8580995551452	18.838396239777406	31.22133486889615	6.569059840213029E-5
74.0	31.06013207249375	18.87900075789562	18.84789625955221	31.21291874399499	5.2166063436985816E-5
75.0	31.059811347807432	18.878461708573436	18.864249354401494	31.197411898619237	6.569059840213029E-5
76.0	31.062674685067194	18.853870239853958	18.85743878500833	31.225919686249338	9.660382117960337E-5
77.0	31.04415186839422	18.88881377405104	18.862440930869013	31.20450841532309	8.501136263805097E-5
78.0	31.079004594999393	18.890728461786825	18.88187955176677	31.148290787625832	9.660382117960337E-5
79.0	31.05980555157816	18.879535943064955	18.878009602690316	31.18249433655268	1.5456611388736538E-4
80.0	31.019204897612795	18.885127372234827	18.892540749472154	31.202908656044354	2.183246358659036E-4
81.0	31.043106615049055	18.896258064511144	18.894499874965675	31.16602338504156	1.120604325683399E-4
82.0	31.070555624799027	18.861785956961413	18.86778119010382	31.199697545028343	1.7968310739406226E-4
83.0	31.038048438972094	18.90078878372447	18.870414610269176	31.190603261302495	1.4490573176940508E-4
84.0	31.061996526242513	18.869964436462478	18.87464392556042	31.19312655311171	2.6855862287929736E-4
85.0	31.05121360772245	18.87045904802692	18.8776560327048	31.20043753029858	2.3378124725464017E-4
86.0	31.026544855946025	18.890467631469637	18.880204441507516	31.20270578801988	7.728305694368269E-5
87.0	31.057774939256966	18.885021108031534	18.89110521668942	31.166027249194407	7.148682767290649E-5
88.0	31.06480190120957	18.860628643183684	18.900744345966725	31.173742030353807	8.30792862144589E-5
89.0	31.047550390823318	18.90976907494132	18.876197315004987	31.166355702186415	1.2751704395707646E-4
90.0	31.042030448481118	18.900114489052633	18.89820752962255	31.159346128921623	3.0140392208036253E-4
91.0	31.057264871081138	18.882424397318225	18.8878438716864	31.172377984398754	8.88755154852351E-5
92.0	31.056304629098612	18.893423708397734	18.890641518347763	31.15942920820784	2.0093594805357503E-4
93.0	31.0444861176155	18.88549253467889	18.90834706669356	31.16143470353553	2.3957747652541636E-4
94.0	31.025766229147315	18.893703859479157	18.87559064300798	31.204564445539372	3.7482282617686105E-4
95.0	31.02350763180814	18.899337794330346	18.88850270974684	31.188566852752032	8.501136263805097E-5
96.0	31.05226272522046	18.891300356408205	18.902228180660043	31.154152707495008	5.603021628416995E-5
97.0	31.04273758845215	18.878971776749264	18.901238957531163	31.17697053005763	8.114720979086684E-5
98.0	31.00767233344038	18.913440020146147	18.911679898524255	31.167049317622485	1.5843026673454953E-4
99.0	31.029396600747244	18.91906429461522	18.90281746396924	31.14847433488607	2.473057822197846E-4
100.0	31.01860981807433	18.901051546118076	18.897160344200962	31.182981219811428	1.9707179520639086E-4
101.0	30.992254363580113	18.9156309948105	18.91576430808373	31.176072114520657	2.782190049972577E-4
102.0	31.011078584175173	18.899158111222956	18.914510390484818	31.174928325277897	3.2458883916346734E-4
103.0	30.999377929353894	18.905020031092132	18.914921922763043	31.180144931621594	5.351851693350027E-4
104.0	31.013874298760108	18.896866668584575	18.93048093420223	31.158685358784755	9.273966833241924E-5
105.0	31.012121905443905	18.899712617156524	18.917729229806522	31.17005756061402	3.7868697902404525E-4
106.0	31.006943940628684	18.8970405554627	18.916332338552262	31.17956337661809	1.1978873826270818E-4
107.0	30.979073738218364	18.913192714363927	18.924205549978403	31.182992812269966	5.351851693350027E-4
108.0	31.015562933554325	18.882016729192845	18.948120791949624	31.153808797891607	4.907474115923851E-4
109.0	31.00910013791741	18.89995799086232	18.950804446101994	31.13991137217671	2.2605294156027189E-4
110.0	30.986274587049095	18.912315551667618	18.945054586665382	31.15608864807145	2.6662654645570534E-4
111.0	31.002619953592685	18.923911874362016	18.954908176425704	31.118461459721992	9.853589760319543E-5
112.0	31.000104390089167	18.91958015902032	18.950418030817275	31.129767970952855	1.2944912038066853E-4
113.0	31.004555894169123	18.916436670679136	18.927942185781628	31.150696222773206	3.690265969060849E-4
114.0	31.000865628200064	18.906032439138095	18.939552033010994	31.153252359881616	2.975397692331784E-4
115.0	31.01729214195344	18.895452388642507	18.939148229038462	31.14795074217528	1.5649819031095745E-4
116.0	30.98645427015649	18.91492578691589	18.939938448295713	31.15854624928226	1.3524534965144472E-4
117.0	30.99192977474095	18.91314634452976	18.964954973828384	31.129758310570736	2.1059633017153536E-4
118.0	31.001373764299466	18.91499534166714	18.962364059344345	31.120967362843395	2.9947184565677046E-4
119.0	30.986104564323817	18.930871213639794	18.96465936613557	31.11823927093328	1.2558496753348438E-4
120.0	30.97541824962493	18.933189705348106	18.96023877527839	31.130743669546767	4.096002018015183E-4
121.0	31.00089654142284	18.917064595516806	18.960544043353323	31.12134218566957	1.5263403746377334E-4
122.0	30.988678090120043	18.917839358162666	18.959570276835834	31.133711338933406	2.0093594805357503E-4
123.0	30.97474588702952	18.938288455029966	18.976375477568237	31.11035253497218	2.376454001018243E-4
124.0	30.966264071529952	18.93399924536959	18.990763650694724	31.10867935678935	2.9367561638599424E-4
125.0	30.955170088705685	18.933856271714244	18.974684910697594	31.13613995899786	1.487698846165892E-4
126.0	30.97345525997856	18.92758668371969	18.977229455347462	31.121579831069674	1.487698846165892E-4
127.0	30.978691187086493	18.92147166183902	18.98064343438795	31.11901403357914	1.7968310739406226E-4
128.0	30.96601096951846	18.94659058742214	18.973405876105172	31.113766514012664	2.2605294156027189E-4
129.0	30.977419880799772	18.92145040899836	18.989731921884527	31.111202648598557	1.951397187827988E-4
130.0	30.951690419066797	18.939781950105402	19.007711825082474	31.099865224144917	9.505816004072972E-4
131.0	30.94468470995485	18.931247968542394	19.017839769694945	31.105930012038574	2.975397692331784E-4
132.0	30.95115523389746	18.94600323618937	19.022038171763413	31.080639131653754	1.6422649600532572E-4
133.0	30.94941056888696	18.933831154720735	19.015816885679442	31.10063805471436	3.033359985039546E-4
134.0	30.939848722666603	18.943957167256784	19.0047248349316	31.110835554078076	6.337210669381981E-4
135.0	30.948425209910923	18.949604626642945	19.0450009000578	31.05622348188882	7.457814995065381E-4
136.0	30.953533619974905	18.933156860048904	19.023775108468218	31.08928517364933	2.492378586433767E-4
137.0	30.948071639925406	18.944957982844205	19.027048045929785	31.0797175311997	2.0480010090075915E-4
138.0	30.926248836720937	18.943222978215818	19.034961830960818	31.095058218003025	5.081360994047137E-4
139.0	30.947897753047286	18.93234152379815	19.057837615816148	31.06076192940784	0.0011611779305788325
140.0	30.924822964320324	18.94314376308245	19.0461717383705	31.085565926533913	2.956076928095863E-4
141.0	30.92974589504764	18.96681363134788	19.054711516162776	31.048321289316334	4.076681253779263E-4
142.0	30.910272496774255	18.9777646405168	19.04121982649683	31.070530507805522	2.1252840659512744E-4
143.0	30.907573386010494	18.969526266646604	19.05768304970226	31.064929418253527	2.8787938711521803E-4
144.0	30.900142620085358	18.970845874843913	19.071109048769802	31.057630033525196	2.724227757264815E-4
145.0	30.928932490873308	18.95241579783927	19.054228497056876	31.064141131072702	2.8208315784444187E-4
146.0	30.933412976099618	18.969986100835417	19.049006094483907	31.047082828328808	5.120002522518978E-4
147.0	30.916428092259817	18.957151317153496	19.09894833795734	31.027022078822654	4.5017380669695164E-4
148.0	30.911495501150387	18.94459668455299	19.093924939256	31.049609984290864	3.7289074975326903E-4
149.0	30.911402761482055	18.994104210831118	19.072428656967112	31.021544642161768	5.197285579462661E-4
