# Position (bp)	A	C	G	T	N
0.0	35.178994618366076	18.552988829785622	19.904387153860707	26.363486575869246	1.428221183519416E-4
1.0	33.326603323513154	16.730953025168365	19.236211243408782	30.706031684932555	2.007229771432693E-4
2.0	31.21266033929942	19.164290656675448	17.95532072511253	31.66761247719502	1.1580171758265535E-4
3.0	31.58022850110715	19.05477118227165	18.255092771361493	31.109857364515413	5.018074428581732E-5
4.0	31.370554051194745	18.788774636984293	18.805965401959437	31.034632568773723	7.334108780234839E-5
5.0	31.302576512945095	18.92942354310293	18.688685282448976	31.079268340815958	4.6320687033062145E-5
6.0	31.57793369707039	18.53930299679598	18.964140898034213	30.918587667584145	3.474051527479661E-5
7.0	30.989354097198905	18.905641730368707	18.288269963448926	31.816674378096042	5.983088741770527E-5
8.0	30.860908762084847	18.6911016782892	18.463545513153406	31.984397725785506	4.6320687033062145E-5
9.0	31.173654460760325	18.628856325059896	18.670460022130094	31.526994451534406	3.474051527479661E-5
10.0	31.381669086054053	18.568114464130545	18.568643291974173	31.48153069721145	4.246062978030697E-5
11.0	31.37428479652953	18.673302954296748	18.60071843771594	31.35164556074212	4.825071565943973E-5
12.0	31.34473026817381	18.617123681040148	18.629089858523688	31.408992501317677	6.369094467046044E-5
13.0	31.284845339954565	18.683458764928748	18.570330136993622	31.461336807693662	2.8950429395663837E-5
14.0	31.262424197401938	18.723589850157015	18.58114215735859	31.432785894223663	5.7900858791327675E-5
15.0	31.150430426299124	18.763327209545505	18.672235648466362	31.413981625316868	2.509037214290866E-5
16.0	31.060159127386193	18.77371848366992	18.705123336259835	31.460898691195478	1.0036148857163464E-4
17.0	30.926583776183225	18.94728402801143	18.692964155913657	31.433077328546243	9.07113454397467E-5
18.0	30.892283307435243	18.88229224404679	18.708493166241492	31.400162620352003	0.11676866192447052
19.0	30.955244701284933	18.90804461600855	18.783432317746477	31.35321274398674	6.562097329683803E-5
20.0	31.037682014003398	18.85986145135103	18.821509852516282	31.280827020354447	1.1966177483541055E-4
21.0	31.03074935117745	18.8889585629223	18.84856113374359	31.23166726121199	6.369094467046044E-5
22.0	31.044983312296985	18.880485737252503	18.812836303869343	31.261605865264354	8.878131681336911E-5
23.0	31.02439376691079	18.956633086677606	18.816642320320558	31.202224674516593	1.0615157445076741E-4
24.0	31.0129216767556	18.898159009384244	18.80490002615768	31.283961386843686	5.7900858791327675E-5
25.0	30.9685001378909	18.923540815849734	18.84252979428616	31.265330820513267	9.843145994525704E-5
26.0	30.974379005086845	18.94423265275313	18.82999232832921	31.251316882657136	7.913117368148117E-5
27.0	30.988174849708187	18.92473164351221	18.88090841352168	31.206125262370506	5.983088741770527E-5
28.0	30.997672520578597	18.914610573395485	18.871478293653198	31.216205801886076	3.281048664841902E-5
29.0	30.95454989097944	18.981487995328095	18.882076080840637	31.1818474322793	3.8600572527551785E-5
30.0	30.99835189065508	18.9400599308629	18.891042993838788	31.170473773584057	7.14110591759708E-5
31.0	31.021290280879576	18.95174432416699	18.88481865151872	31.142069542289658	7.720114505510357E-5
32.0	30.997493027916338	18.944354244556592	18.889479670651426	31.16862480615999	4.825071565943973E-5
33.0	30.98483783021318	18.964501813387347	18.926719572997378	31.12361267853561	3.281048664841902E-4
34.0	31.029253578992012	18.937575984020754	18.893505710366046	31.139620335962785	4.4390658406684554E-5
35.0	30.981776804811744	18.973102020946484	18.93297865583272	31.112032506777343	1.1001163170352258E-4
36.0	31.0169824569855	18.96595898500026	18.930728242454364	31.086303295159105	2.7020400769286252E-5
37.0	31.008992138472298	18.942624938907358	18.935269599812234	31.113018751405424	9.457140269250188E-5
38.0	30.968534878406167	18.96379735293872	18.944821311484176	31.12278662628352	5.983088741770527E-5
39.0	30.999955744443596	18.970826517195984	18.94722419712401	31.081935640377612	5.7900858791327675E-5
40.0	31.01374193892181	18.944450745987908	18.918267977642472	31.123477576531762	6.176091604408285E-5
41.0	30.96909844676507	18.987972891512726	18.914799716200868	31.128072974691168	5.597083016495009E-5
42.0	30.984532885690214	18.96341713729932	18.925667707396002	31.1263340188988	4.825071565943973E-5
43.0	31.00435427968311	18.943734705367525	18.930440668189036	31.12133910481374	1.3124194659367607E-4
44.0	30.978420485030476	18.951308137697428	18.942663539479884	31.127426415101333	1.814226908794934E-4
45.0	31.019263750821878	18.953041303403918	18.945294168497636	31.082340946389152	5.983088741770527E-5
46.0	31.016949646498855	18.938766811683227	18.94026837395455	31.103945686832823	6.948103054959322E-5
47.0	30.976592747921295	18.96838889104087	18.963899644455918	31.091045375494115	7.334108780234839E-5
48.0	30.982909731615432	18.961197604378988	18.973499606843518	31.082257955158216	1.3510200384643124E-4
49.0	30.993185204022268	18.955187495236448	18.955363127841448	31.096111700638357	1.5247226148382956E-4
50.0	30.96079353358577	18.985826699680192	18.91957846707978	31.13375497896722	4.6320687033062145E-5
51.0	30.994916439700127	18.956034777803428	18.945834576513022	31.1031466549815	6.755100192321562E-5
52.0	31.000335960082992	18.94610671054934	18.94899017331715	31.10444749427568	1.1966177483541055E-4
53.0	30.95816483459664	18.998383465923403	18.957298946553706	31.086006070750642	1.4668217560469678E-4
54.0	30.994080737304902	18.95260704696298	18.947726004566874	31.105381628130846	2.0458303439602448E-4
55.0	30.989286546196983	18.961269015438166	18.963218344350803	31.086164333098004	6.176091604408285E-5
56.0	30.968222213768698	18.975935302970008	18.974767635651048	31.0809397456064	1.3510200384643124E-4
57.0	30.987254226053405	18.99135430166614	18.98393141156909	31.037359699222794	1.0036148857163464E-4
58.0	30.995053471732597	18.974344959381874	18.949962907744844	31.080540229680743	9.843145994525704E-5
59.0	30.957018397592574	19.003449791067645	18.960110998262337	31.079281851016344	1.3896206109918644E-4
60.0	30.983112384621197	18.994718341561914	18.970847747510877	31.05127906567623	4.246062978030697E-5
61.0	30.978779470354983	18.978643133132813	18.95764828173508	31.084848053574817	8.106120230785875E-5
62.0	30.96440654717435	18.990833193937014	18.944016489546975	31.100668498225232	7.527111642872599E-5
63.0	30.97013487213744	18.99378227767812	18.95805744780387	31.077911530691615	1.1387168895627778E-4
64.0	30.981348338456694	18.958119208719914	18.95974815288058	31.100570066765286	2.142331775279124E-4
65.0	30.966230424226275	18.99176925782081	18.969683940249173	31.07224496664457	7.14110591759708E-5
66.0	30.97663134849382	18.984039493172165	18.986658542018162	31.052614645485683	5.597083016495009E-5
67.0	30.962582670122423	18.977795850565833	18.979936252312488	31.079644696398102	4.053060115392938E-5
68.0	30.94673327504261	18.999182497774726	18.978222386892266	31.07576726888771	9.457140269250188E-5
69.0	30.959743598013016	18.984344437695132	18.999346550207967	31.056501723139206	6.369094467046044E-5
70.0	30.964632360523638	18.97024364855082	18.99154537450015	31.07348597505133	9.264137406612429E-5
71.0	30.95767460732554	19.00488573236567	18.963361166469156	31.073997432637317	8.106120230785875E-5
72.0	30.9508519561313	18.982574601444746	18.983215370948702	31.083315610845467	4.246062978030697E-5
73.0	30.964688331353802	18.979308993008914	18.963864903940642	31.092052850437085	8.492125956061394E-5
74.0	30.940414361319853	18.996264294491642	18.97534278418171	31.087932239319766	4.6320687033062145E-5
75.0	30.937783732302094	18.994965385226088	19.000435086353246	31.066746315088018	6.948103054959322E-5
76.0	30.949589717409648	18.983020438057437	18.981244811721172	31.086035021180038	1.1001163170352258E-4
77.0	30.936000385851326	19.012594266699423	18.99629710497829	31.055015601096898	9.264137406612429E-5
78.0	30.951459915148604	19.002065960542534	19.012688838102115	31.03370036494718	8.492125956061394E-5
79.0	30.928917180792514	19.005617213215068	19.001706975218028	31.063617738684663	1.4089208972556402E-4
80.0	30.904787962905544	19.006391154694246	19.008243982175568	31.080341436732223	2.354634924180659E-4
81.0	30.93187784470538	19.004185131974296	19.018384352578554	31.045452309253196	1.0036148857163464E-4
82.0	30.942240168400403	19.00383000670704	18.989505334242068	31.064277808474884	1.4668217560469678E-4
83.0	30.924852540505366	19.015402458350803	18.976041454544458	31.083533704080253	1.6984251912122787E-4
84.0	30.9279425163362	18.990472278583884	19.005891277280014	31.075381263162434	3.1266463747316945E-4
85.0	30.923771724474598	18.985631766788927	19.00219141240325	31.088167702812186	2.3739352104444345E-4
86.0	30.899580745671578	19.023643680585433	19.01500873251102	31.061670339800646	9.650143131887946E-5
87.0	30.950884766617946	18.999939068996266	19.006306233434685	31.042804309977807	6.562097329683803E-5
88.0	30.93243755300703	18.98400089259964	19.02694981962242	31.056505583196458	1.0615157445076741E-4
89.0	30.90589386930846	19.03264919415611	19.01423672106047	31.047071603270727	1.486122042310744E-4
90.0	30.934103167711598	19.02618359825775	19.02279832804708	31.01661575154649	2.9915443708852633E-4
91.0	30.945681409441235	19.00378368602001	19.01517857503014	31.035292638563945	6.369094467046044E-5
92.0	30.941545358094906	19.009263037290296	19.01282973019184	31.03614185115955	2.2002326340704516E-4
93.0	30.934263360087584	19.00588355716551	19.021748392474333	31.037836416293512	2.682739790664849E-4
94.0	30.92659728638361	19.000193832774947	19.002990444254568	31.069805410460827	4.1302612604480414E-4
95.0	30.90460847024329	19.024352001091316	19.00670381933172	31.064266228303122	6.948103054959322E-5
96.0	30.92453987586789	19.00763602315826	19.03489381744859	31.032856942437455	7.334108780234839E-5
97.0	30.927840224818997	19.002448106210558	19.033010109509245	31.036630148402022	7.14110591759708E-5
98.0	30.896058443428437	19.032847987104628	19.034054254996118	31.036869471951693	1.6984251912122787E-4
99.0	30.9012579405479	19.026571534011648	19.03177682121699	31.040194911274945	1.9879294851689167E-4
100.0	30.90019835483202	19.012621287100192	19.03254304258166	31.054423082308595	2.142331775279124E-4
101.0	30.8782095386917	19.03024244845902	19.047149499226087	31.044116729443743	2.8178417945112804E-4
102.0	30.89149778578431	19.026046566225276	19.03680068573145	31.045307557106216	3.474051527479661E-4
103.0	30.90312813828686	19.023132222999443	19.014271461575746	31.058867938235146	6.002389028034303E-4
104.0	30.892553511442937	19.017201245030588	19.044455179263664	31.045693562831495	9.650143131887946E-5
105.0	30.893634327473706	19.02591532427868	19.044445529120534	31.03563039357356	3.7442555351725233E-4
106.0	30.890225896919528	19.024128117770655	19.030126646741437	31.055417047051183	1.0229151719801224E-4
107.0	30.87607878708818	19.043447704320695	19.036171496399252	31.043721073575337	5.809386165396544E-4
108.0	30.906386026608185	19.0201290984568	19.062190212311446	31.01079671523796	4.97947385605418E-4
109.0	30.890119745345075	19.01456675595558	19.08002174679055	31.015040848187365	2.5090372142908663E-4
110.0	30.879763211735934	19.038834935903655	19.06279045121425	31.01831031668045	3.0108446571490394E-4
111.0	30.885325554237152	19.051210279455987	19.06751902134888	30.99583513332628	1.1001163170352258E-4
112.0	30.884661624389683	19.037862201475956	19.067262327541567	31.010111555075596	1.0229151719801224E-4
113.0	30.8782462092356	19.054715211441486	19.055608814695503	31.011003228300982	4.265363264294472E-4
114.0	30.904745502275766	19.018795448675974	19.04879967370164	31.027418121768324	2.4125357829719865E-4
115.0	30.885952813540722	19.028434011636104	19.052487958406648	31.033001694584435	1.235218320881657E-4
116.0	30.890774025049417	19.027447767008024	19.05323680951368	31.028414016539536	1.2738188934092087E-4
117.0	30.875928244855324	19.033208902457762	19.073087153935976	31.017625156518086	1.5054223285745197E-4
118.0	30.881399876011102	19.03113026162715	19.07661331623637	31.01055932171691	2.972244084621488E-4
119.0	30.87617914857675	19.044389558290366	19.07388039570142	31.005456326028774	9.457140269250188E-5
120.0	30.85729574849627	19.049027417079554	19.082988200789295	31.010244727050818	4.4390658406684555E-4
121.0	30.879425456726317	19.041000428022446	19.077296546370107	31.00210772636201	1.6984251912122787E-4
122.0	30.876310390523344	19.04908724796697	19.072270751827016	31.00218299747844	1.486122042310744E-4
123.0	30.87447300327103	19.05279483295824	19.088154887422107	30.984309002369553	2.682739790664849E-4
124.0	30.8441271631785	19.051003766392963	19.1077639782661	30.996842608269247	2.6248389318735214E-4
125.0	30.832045183977375	19.060047880536167	19.085464427516936	31.02228810567941	1.5440229011020714E-4
126.0	30.859465100672317	19.049212699827685	19.092427970800905	30.998741756437603	1.5247226148382956E-4
127.0	30.86797266685739	19.02533631569077	19.10940064254127	30.997153342878097	1.3703203247280885E-4
128.0	30.85055608853296	19.062224952826725	19.08127819542632	31.005763200580365	1.7756263362673821E-4
129.0	30.88148286724203	19.037819740846178	19.096668243693056	30.983805264898066	2.2388332065980036E-4
130.0	30.83574890891139	19.06215161173892	19.115632704975845	30.985411048715218	0.0010557256586285414
131.0	30.843878189485697	19.06822541182613	19.12677476023592	30.960864944644946	2.566938073082194E-4
132.0	30.855392740270666	19.060858492559245	19.127608532602515	30.955956881848067	1.8335271950587097E-4
133.0	30.84692763471537	19.05426165471429	19.1224051754258	30.97609094047844	3.1459466609954706E-4
134.0	30.82815038620934	19.071703323410862	19.117134267247167	30.98240406411532	6.079590173089406E-4
135.0	30.83174795956891	19.058978644677154	19.15452278179735	30.953928421761745	8.22192194836853E-4
136.0	30.843555874705093	19.056309415086876	19.124672959061794	30.975257168111842	2.0458303439602448E-4
137.0	30.840809443969754	19.054309905429946	19.119869117810744	30.98482818007005	1.8335271950587097E-4
138.0	30.800620457882694	19.062338824515678	19.15001230489751	30.986462914316593	5.654983875286336E-4
139.0	30.826349669500935	19.060127011709852	19.15939417405033	30.95282251535883	0.001306629380057628
140.0	30.822325559814935	19.071145545137842	19.148099646528767	30.958153254424886	2.7599409357199526E-4
141.0	30.81105998272277	19.08417130833726	19.16841898790727	30.93602740625209	3.2231478060505746E-4
142.0	30.800234452157415	19.082677466180446	19.15621734693131	30.960608250837634	2.6248389318735214E-4
143.0	30.796725660114667	19.082081087334895	19.164736493288142	30.956186555254604	2.702040076928625E-4
144.0	30.802681728455667	19.07689510041582	19.17365129551338	30.94652869200821	2.4318360692357624E-4
145.0	30.816410022075086	19.063338579344144	19.167683647000622	30.952297547572456	2.702040076928625E-4
146.0	30.826710584854066	19.08912376179255	19.1585140809967	30.925115024398554	5.365479581329698E-4
147.0	30.82160951919455	19.07680245904175	19.189961967434897	30.91121495823138	4.110960974184265E-4
148.0	30.810677837054744	19.056442587062094	19.190473425020887	30.942099276310675	3.068745515940367E-4
149.0	30.80589329608996	19.09245306117305	19.175608344540525	30.925618761870037	4.265363264294472E-4
