# Position (bp)	A	C	G	T	N
0.0	35.38712458918178	18.443597454164728	20.13353333678327	26.035634474461666	1.1014540855772626E-4
1.0	33.410043491204426	16.52624415325949	19.325695992411486	30.73775742479571	2.5893832889009333E-4
2.0	31.24027169664548	19.146450765176287	17.858265429333084	31.754905828187773	1.0628065738026218E-4
3.0	31.612252065100805	18.985340882841342	18.14337778557255	31.258990618973527	3.86475117746408E-5
4.0	31.452071655424042	18.745036451753393	18.7415369195622	31.06126994873446	8.502452590420974E-5
5.0	31.4577721634108	18.78336898630707	18.60611410592827	31.152688705461784	5.603889207322915E-5
6.0	31.68168425237954	18.42733264883437	18.844414663530703	31.046525922992434	4.251226295210487E-5
7.0	31.06789799700381	18.837330574622413	18.123744849591034	31.9709821341442	4.4444638540836915E-5
8.0	30.91283258551042	18.588063785553924	18.370433849624153	32.12863886130208	3.0918009419712634E-5
9.0	31.19545990674278	18.538345694031435	18.608977886550772	31.65717206803647	4.4444638540836915E-5
10.0	31.42101644733753	18.50853300344848	18.52453887044995	31.54586143699874	5.024176530703303E-5
11.0	31.43718463388845	18.589057026606532	18.478925144677927	31.49479068256414	4.251226295210487E-5
12.0	31.388005675155217	18.546656841438576	18.517360095137807	31.54793294362986	4.4444638540836915E-5
13.0	31.282552074526933	18.678257416157994	18.522639345246223	31.516531840312968	1.93237558873204E-5
14.0	31.33798226828971	18.66125637572833	18.50927696805014	31.491443808044455	4.057988736337283E-5
15.0	31.208089913590737	18.666987801724506	18.60200007829986	31.522885491248715	3.671513618590876E-5
16.0	31.13511181710668	18.7179561402529	18.599343061865355	31.547523280005045	6.570077001688935E-5
17.0	31.04976651685474	18.827997200528838	18.592253175830294	31.529894217509046	8.888927708167383E-5
18.0	30.946339978219033	18.808053152077534	18.65646601664386	31.47159251362141	0.1175483394381587
19.0	31.03253359135443	18.832184658429618	18.713413125243793	31.421816450831265	5.2174140895765065E-5
20.0	31.098576391850525	18.797272428667995	18.737202601116675	31.36683456820507	1.1401015973519035E-4
21.0	31.091764767900244	18.836064868611793	18.761214300182257	31.31089809203804	5.797126766196119E-5
22.0	31.11337838886021	18.835434914169866	18.731971660397974	31.31915706530429	5.797126766196119E-5
23.0	31.095741596861853	18.86611910614334	18.706508747265254	31.331530066198937	1.0048353061406607E-4
24.0	31.074489330136977	18.806478265972718	18.772557344888117	31.346436411490412	3.86475117746408E-5
25.0	31.059789749033495	18.85433161505208	18.76345585586519	31.322312634640685	1.1014540855772626E-4
26.0	31.020906487437028	18.857203125176934	18.753492527329684	31.368314767906043	8.309215031547771E-5
27.0	31.008749912608312	18.891317283820406	18.848864924511556	31.25104082580148	2.7053258242248556E-5
28.0	31.08724687377379	18.829330539685063	18.793106226898693	31.290285441633042	3.0918009419712634E-5
29.0	31.037766464448712	18.88143897981081	18.80527246360535	31.27547378274541	4.8309389718300994E-5
30.0	30.98835368826925	18.908438131536577	18.840938319846575	31.262148120685513	1.2173966209011851E-4
31.0	31.07977051262098	18.93001117260918	18.827340192828668	31.162824015424682	5.410651648449711E-5
32.0	31.010562480910547	18.924051726293527	18.825912167268598	31.239407924757312	6.570077001688935E-5
33.0	31.042750061092057	18.895205223504938	18.872704642149742	31.188978719018174	3.613542350928914E-4
34.0	31.07847968572771	18.884289233804193	18.824955641352172	31.212240656355327	3.478276059717671E-5
35.0	31.001955680038336	18.920884562703595	18.85341373664743	31.22363587520208	1.1014540855772626E-4
36.0	31.001551813540285	18.92985851493767	18.92530390567503	31.143249050710832	3.671513618590876E-5
37.0	31.082044918688922	18.900909596242872	18.908053588794417	31.10890107462112	9.082165267040586E-5
38.0	30.999951806552815	18.9213637918496	18.901611048581586	31.177040502630987	3.285038500844467E-5
39.0	31.027611830729928	18.949723335989834	18.94732139313304	31.075289333630714	5.410651648449711E-5
40.0	31.045499831554817	18.912691290207373	18.89120907078744	31.150561159938594	3.86475117746408E-5
41.0	30.997169185705044	18.962587160284023	18.886888278971036	31.15330513327459	5.024176530703303E-5
42.0	31.011930602827363	18.93732521421253	18.924360906387726	31.12634269668501	4.057988736337283E-5
43.0	31.017793430363582	18.909672919537773	18.901871919286062	31.170551585404027	1.1014540855772626E-4
44.0	30.982943036620796	18.939868220487302	18.895862231205108	31.181141003630273	1.8550805651827582E-4
45.0	31.057239013256364	18.906150198839516	18.915114489195645	31.121446056943164	5.024176530703303E-5
46.0	31.038330718120623	18.895228412012003	18.913106750958953	31.15324329725575	9.082165267040586E-5
47.0	30.98888315918056	18.950666335277138	18.925015981712306	31.13538428206469	5.024176530703303E-5
48.0	31.02275190612427	18.916009179093226	18.960639325690583	31.100475917054247	1.2367203767885054E-4
49.0	31.014357666566816	18.925980237131085	18.932925194996987	31.126617094018616	1.1980728650138646E-4
50.0	30.95858350994924	18.9647688123237	18.922252684620418	31.15434861609251	4.6377014129568954E-5
51.0	30.988000063536507	18.95968279977416	18.936674003639126	31.115571635153422	7.149789678308546E-5
52.0	31.0125257745087	18.935398635750563	18.930007307858002	31.121975527854477	9.275402825913791E-5
53.0	30.9485931281555	18.988355388759764	18.93691748296331	31.125962018694032	1.7198142739715153E-4
54.0	31.009325760533756	18.962873151871158	18.930932915765002	31.09669232565151	1.758461785746156E-4
55.0	30.985325655721702	18.94268948884685	18.90436081904435	31.16757765937297	4.6377014129568954E-5
56.0	30.989833887970214	18.959429658572034	18.95022382126732	31.100416013410996	9.661877943660199E-5
57.0	31.001752780601517	18.961702132264385	18.974925378418078	31.06154241369247	7.72950235492816E-5
58.0	31.002962447720062	18.957690520542176	18.951926244160987	31.087326101172923	9.468640384786995E-5
59.0	30.978374900729033	18.98133893299708	18.940923297558747	31.099202481541273	1.603871738647593E-4
60.0	30.977538182099114	18.9928771476374	18.962548512772248	31.066982050974758	5.410651648449711E-5
61.0	30.985428071627908	18.967435490636152	18.953731082960864	31.093310668371227	9.468640384786995E-5
62.0	30.970025105810123	18.988981478450516	18.910967611182226	31.129967833289474	5.797126766196119E-5
63.0	31.011323836892508	18.96796882629864	18.92670681035245	31.093903907676967	9.661877943660199E-5
64.0	30.96756132693449	18.967920516908922	18.94823154203533	31.11608564706002	2.0096706122813213E-4
65.0	30.95676127976907	18.981744731870716	18.953678908819967	31.107770634901712	4.4444638540836915E-5
66.0	30.98554401416323	18.966793941940693	18.97844616674075	31.069157905887668	5.797126766196119E-5
67.0	30.993996224988347	18.938142609086565	18.966849980832766	31.100959010951428	5.2174140895765065E-5
68.0	30.974579715072764	18.97531185353582	18.953437361871377	31.096553194609122	1.1787491091265442E-4
69.0	30.9787922938562	18.983910924905683	18.975452916953802	31.061780095889883	6.376839442815731E-5
70.0	30.970660857378817	18.968757235538845	18.968175590486634	31.092323224445384	8.309215031547771E-5
71.0	30.953257882826694	18.9879379956326	18.972535029814814	31.086162811068508	1.0628065738026218E-4
72.0	30.951740967989544	18.980140860132067	18.976440360879643	31.09164882536492	2.8985633830980595E-5
73.0	30.971234772928668	18.97046738793487	18.95201320106248	31.106226666806315	5.797126766196119E-5
74.0	30.961876277952445	18.981943766556352	18.95663544347073	31.099474946499285	6.956552119435342E-5
75.0	30.95078444207312	18.97914182195269	18.96923839706044	31.100761908641378	7.343027237181752E-5
76.0	30.957035677102667	18.948046033978816	18.963352381017163	31.13145189774162	1.1401015973519035E-4
77.0	30.984709227908898	18.966504085602384	18.964766879948115	31.08391932300999	1.0048353061406607E-4
78.0	30.96454295626489	18.9824500489606	18.9887437962531	31.064174309244326	8.888927708167383E-5
79.0	30.954440496687003	18.98045197260185	18.992987293045957	31.07197724187163	1.4299579356617093E-4
80.0	30.918662562661623	19.004032751911147	19.00000568118423	31.07703040403616	2.686002068337535E-4
81.0	30.925193992151538	19.01328110147882	19.014229897892886	31.04722737533115	6.76331456056214E-5
82.0	30.946187320547523	18.98709934462709	18.992573764669967	31.073990777235082	1.4879292033236706E-4
83.0	30.93619887112937	19.01151684256631	18.973694455168054	31.078442970591524	1.4686054474363503E-4
84.0	30.942639478966615	18.98446165194847	18.980009458592033	31.092595689403396	2.9372108948727007E-4
85.0	30.949584436832517	18.962152375776558	18.978343750834544	31.109685619110145	2.338174462365768E-4
86.0	30.92655824931719	18.987398862843342	18.97863747192403	31.107316526638357	8.888927708167383E-5
87.0	30.97272849925876	18.980278058798866	18.984088703459847	31.06282164633221	8.309215031547771E-5
88.0	30.976732381478612	18.960378454986106	18.99190323034068	31.070883517288404	1.0241590620279812E-4
89.0	30.961860818947727	19.000987327983307	18.986981469716177	31.05005830556864	1.120777841464583E-4
90.0	30.951584445566855	19.01354003980771	19.001053028753322	31.033511373402327	3.111124697858584E-4
91.0	30.954571898227034	18.980515740996278	19.00593614186605	31.058877667755613	9.855115502533403E-5
92.0	30.95107043366025	19.010989304030584	18.984635565751457	31.053090202867363	2.1449369034925642E-4
93.0	30.9357640866219	19.007880111708314	19.007082040590166	31.049043808384553	2.2995269505911273E-4
94.0	30.929478068831763	18.999713892470332	18.989563123502723	31.08082558969243	4.1932550275485263E-4
95.0	30.925433606724546	19.002299411008057	18.98680948828878	31.085397590335372	5.990364325069323E-5
96.0	30.932716730318475	18.989014328835523	19.02032461049975	31.05787090007388	7.343027237181752E-5
97.0	30.950324536683	18.98019883139973	19.011650176481933	31.057724039529138	1.0241590620279812E-4
98.0	30.91731956162746	19.015820243002413	19.002689750876982	31.06399653069016	1.7391380298588358E-4
99.0	30.91694468076324	19.022415440886757	19.00800571612158	31.05241773616248	2.1642606593798845E-4
100.0	30.924380462028683	19.011049207673835	18.99455251727283	31.069828440216956	1.893728076957399E-4
101.0	30.89465086359604	19.03434013064482	19.024413517245506	31.046323023555622	2.724649580112176E-4
102.0	30.90725574956134	19.014191250381113	19.01427047778025	31.063917303291028	3.6521898627035553E-4
103.0	30.894312697868013	19.007265616271095	19.009907173700892	31.087983108873097	5.314032869013109E-4
104.0	30.89742961969264	19.00584338783779	19.022448291271765	31.074160826286896	1.1787491091265442E-4
105.0	30.922459680693485	19.009555481343746	19.01716710878776	31.05049888720287	3.1884197214078654E-4
106.0	30.89524410290178	19.010231812799802	19.011540031073373	31.082885502070017	9.855115502533403E-5
107.0	30.882884628636255	19.024473420888757	19.01940866447069	31.072614925815905	6.183601883942528E-4
108.0	30.91987609453135	18.993290676013387	19.058693860189614	31.027694922880244	4.444463854083691E-4
109.0	30.910310835367127	18.998092629351387	19.05470350459888	31.036649551358426	2.4347932418023702E-4
110.0	30.88939480199469	19.013911055920747	19.047787532366808	31.048599361999145	3.072477186083943E-4
111.0	30.8817967011798	19.022322686858498	19.066048481680326	31.029733579126358	9.855115502533403E-5
112.0	30.905278929334067	19.030995188500725	19.044728581809846	31.01886203406415	1.352662912112428E-4
113.0	30.902216114025926	19.02504540406302	19.02954010968241	31.042846679871488	3.516923571492312E-4
114.0	30.903733028863083	19.01360187582655	19.040324697843126	31.042035082124226	3.053153430196623E-4
115.0	30.905448978385873	18.997655912468332	19.037650290028317	31.059125011830968	1.1980728650138646E-4
116.0	30.89710691296932	19.017694647323484	19.033714040954074	31.051333673457204	1.5072529592109909E-4
117.0	30.890189008361656	19.011383508650685	19.064187603988376	31.034050506191583	1.893728076957399E-4
118.0	30.904076991717876	19.009188329981885	19.05185518298109	31.03460316560996	2.763297091886817E-4
119.0	30.87703919248034	19.032854133817086	19.054434904392046	31.035557759150795	1.1401015973519035E-4
120.0	30.87207105484171	19.036013567904664	19.054701572223294	31.0368080061567	4.057988736337283E-4
121.0	30.8921542343354	19.026610628289895	19.057068732319486	31.02398476174988	1.816433053408117E-4
122.0	30.886009279963233	19.026044442242394	19.05008126219063	31.03772781693694	1.371986667999748E-4
123.0	30.889128134163446	19.053319923677346	19.07104560495279	30.98624739887753	2.5893832889009333E-4
124.0	30.870208244774172	19.038251258836418	19.080997339234756	31.010276489323413	2.666678312450215E-4
125.0	30.85774248985126	19.043099589188543	19.052106391807623	31.046922059988123	1.2946916444504667E-4
126.0	30.8827397004671	19.03165799332766	19.076865920226048	31.008601119687984	1.352662912112428E-4
127.0	30.890310748023747	19.01041538848073	19.09420705875933	31.004894823308792	1.7198142739715153E-4
128.0	30.858702880518862	19.052610741836283	19.065822393736447	31.022606977955114	2.570059533013613E-4
129.0	30.88058510168566	19.024788398109717	19.09118675571414	31.00320979179542	2.2995269505911273E-4
130.0	30.8596903244447	19.04275755870934	19.097638957804914	30.998906391359316	0.0010067676817293928
131.0	30.851555023216136	19.05234407400504	19.09938389296154	30.996442612483683	2.743973335999496E-4
132.0	30.864165706308206	19.049012658490064	19.1044679731355	30.98216042450736	1.9323755887320397E-4
133.0	30.86570001252566	19.041377842538985	19.097882437129098	30.99467448881999	3.6521898627035553E-4
134.0	30.84655983231927	19.052452287038008	19.09597325004743	31.004434917918676	5.797126766196119E-4
135.0	30.859224621927815	19.045924722299272	19.139407256155362	30.9546975026403	7.458969772505673E-4
136.0	30.85693475685517	19.031872487018013	19.10944770502766	31.00153442215999	2.1062893917179234E-4
137.0	30.843154986531925	19.03008890434961	19.1094399755253	31.01711130178076	2.0483181240559624E-4
138.0	30.807195409201206	19.037899566479265	19.13596376285624	31.018396331547265	5.449299160224352E-4
139.0	30.85668741277981	19.031760409233865	19.149331937179088	30.961062747829587	0.0011574929776504918
140.0	30.838644821907824	19.047621348066176	19.129069046755646	30.984427101072942	2.376821974140409E-4
141.0	30.83876462919432	19.068595352706275	19.145260421813628	30.94700471542156	3.748808642140157E-4
142.0	30.822331707187743	19.07154415785468	19.141764754373614	30.964133292640078	2.2608794388164863E-4
143.0	30.8086543527707	19.07172386878443	19.140790837076892	30.978591326794973	2.3961457300277292E-4
144.0	30.818358742977313	19.057775981784964	19.156742597561877	30.96687533360049	2.4734407535770107E-4
145.0	30.86594155947425	19.038964305428657	19.13639275023694	30.958320706869173	3.806779909802118E-4
146.0	30.856322193793538	19.06057212926186	19.138489377750712	30.94409455778493	5.217414089576508E-4
147.0	30.841744352352148	19.050883198059957	19.174887604340068	30.932098370130078	3.8647511774640795E-4
148.0	30.839197481326195	19.037142075248482	19.177048000248273	30.946297465956086	3.149772209633225E-4
149.0	30.837696025493756	19.07861085538267	19.155432446912716	30.92776405168455	4.966205263041342E-4
