# Position (bp)	A	C	G	T	N
0.0	34.66276944979772	18.544946821892687	20.37490453228254	26.417205491150824	1.7370487622591493E-4
1.0	32.9720786588949	17.039041348264824	19.25631654139232	30.73241290722189	1.505442260624596E-4
2.0	30.95544031802506	19.566646092932455	17.917183189374775	31.560660917717215	6.948195049036596E-5
3.0	31.156003828223866	19.036317385598018	18.376887354144117	31.43073932057113	5.211146286777448E-5
4.0	31.375732776432923	18.882538388729394	18.948837679876466	30.792844833660887	4.6321300326910645E-5
5.0	31.80934839884732	18.63351507817192	18.644665001171447	30.912446431104968	2.5090704343743268E-5
6.0	31.729222199552666	18.39325807370132	18.79892844163932	31.07855847418563	3.281092106489504E-5
7.0	31.112405834345342	18.89458578692275	18.118478190107908	31.874493517594576	3.667102942547093E-5
8.0	30.94603516400452	18.62417554599351	18.506017629076283	31.9237407800588	3.0880866884607096E-5
9.0	31.0395926103398	18.512740007786224	18.801373820285747	31.646254960504628	3.860108360575887E-5
10.0	31.56598207709227	18.530041013458327	18.751757917473082	31.152170740621816	4.825135450719859E-5
11.0	31.476583897515514	18.612226580563345	18.350385780194582	31.560664777825576	1.3896390098073192E-4
12.0	31.3213843807702	18.564845680491455	18.426414474464487	31.687326513461155	2.895081270431915E-5
13.0	31.05393291289934	18.95329031487039	18.70246047360017	31.290277697546497	3.860108360575887E-5
14.0	31.4153702991335	18.714922833442287	18.606316754663304	31.26335537178566	3.474097524518298E-5
15.0	31.10040282739813	18.685632331202235	18.67821513298739	31.535718827545356	3.0880866884607096E-5
16.0	31.11463118681521	18.850233141859736	18.595985174636223	31.439088734955057	6.176173376921419E-5
17.0	31.24289872752879	18.6920787121644	18.61571997862967	31.44927170081026	3.0880866884607096E-5
18.0	30.837077815364726	18.884429841826076	18.84905966891812	31.42939021269911	4.246119196633476E-5
19.0	31.032144531258066	18.85155715902741	18.887770765612157	31.228496663235482	3.0880866884607096E-5
20.0	31.031943805623317	18.850617222641613	18.829238012486563	31.28816042811072	4.0531137786046816E-5
21.0	30.934078478357634	18.97004511520947	18.752516428765936	31.34331558642081	4.4391246146622706E-5
22.0	31.006194952804094	18.981818445709226	18.779239958946203	31.23271962178195	2.702075852403121E-5
23.0	31.030583117426215	18.87112211825299	18.557841513871193	31.540433949907797	1.9300541802879435E-5
24.0	30.996141300578977	18.804363474211012	18.881830058845228	31.317128611302664	5.365550621200483E-4
25.0	31.124933816029593	18.850717585458987	18.74040340873045	31.169869337455054	0.1140758523259189
26.0	30.874737032530504	18.895734169160022	18.79974485455758	31.429758853047545	2.5090704343743268E-5
27.0	30.862741745800015	19.036232463214084	19.09042452448821	31.010560735359903	4.0531137786046816E-5
28.0	31.252686032277026	18.730448189268525	18.783806467136767	31.232953158337768	1.061529799158369E-4
29.0	31.19933740467969	18.710751986358687	18.786520123314247	31.303371185105572	1.9300541802879435E-5
30.0	30.70807492400846	19.07763598548962	18.831810774708888	31.38244550487197	3.281092106489504E-5
31.0	31.15034876947562	19.059086234762873	18.760889003800028	31.02966055152804	1.5440433442303548E-5
32.0	30.924499619460867	19.02911635345136	18.74107120747683	31.305281938744056	3.0880866884607096E-5
33.0	31.140970636213606	18.79301282557674	18.909491595357117	31.155783802047317	7.411408052305703E-4
34.0	31.15641299971009	18.82134795099755	18.733350990755675	31.288808926315298	7.913222139180569E-5
35.0	30.988810954802243	18.84334863859865	18.63168924691737	31.536127999031578	2.3160650163455322E-5
36.0	30.947644829190878	18.869253825806474	19.051717287902534	31.131355106287405	2.895081270431915E-5
37.0	31.318373496248945	18.878155235685963	18.978790190700355	30.824655986660392	2.5090704343743268E-5
38.0	31.05599807087225	18.87935379933192	18.887560389706504	31.176968076730155	1.196633591778525E-4
39.0	31.12962191763351	18.9675649955878	19.091215846702127	30.811585659751483	1.1580325081727661E-5
40.0	31.0271283204435	18.95537284333092	18.938706825484132	31.078764989982922	2.702075852403121E-5
41.0	31.028201430567737	18.982410972342574	18.935676640421082	31.053666565422454	4.4391246146622706E-5
42.0	31.06667899070596	18.951381491286085	18.96744533222862	31.01444979453319	4.4391246146622706E-5
43.0	30.99913095450424	18.8831154749293	18.831723922270776	31.28598332699536	4.6321300326910645E-5
44.0	30.880291728461373	18.96567933265366	18.787170551573006	31.36681399606582	4.4391246146622706E-5
45.0	31.109420040528434	18.84643672528711	18.833071100088613	31.211025812795512	4.6321300326910645E-5
46.0	31.14723366202864	18.80770053788873	18.84275418191112	31.202238276112666	7.334205885094186E-5
47.0	31.036747710478053	18.92519065605958	18.860433478202555	31.177595344338748	3.281092106489504E-5
48.0	31.214295324576923	18.774109874935	18.990652303692404	31.02001800084332	9.244959523579251E-4
49.0	31.036419601267408	18.879247646352006	18.96761517699649	31.11669634478812	2.123059598316738E-5
50.0	30.893684374418388	18.99356475545046	19.009286976803082	31.103446522840443	1.737048762259149E-5
51.0	30.918682436161482	19.062498570553625	18.980727965097362	31.035803913983894	0.002287114203641213
52.0	30.935736394898505	19.036960093640054	18.93124523602314	31.096040904950677	1.737048762259149E-5
53.0	30.901981677339446	19.008561276431298	18.90937193199794	31.180056163418612	2.895081270431915E-5
54.0	31.01490142721137	18.99493316386428	18.886174610805057	31.103977287740026	1.3510379262015605E-5
55.0	30.96459456500217	18.86957807490876	18.69421914225034	31.471573476863483	3.474097524518298E-5
56.0	31.141001517080486	18.87237858352436	18.890384058972266	31.096222330043627	1.3510379262015605E-5
57.0	31.127956280875924	18.867159717020858	18.987712831175827	31.01715380043977	1.737048762259149E-5
58.0	31.052516253131007	18.90810774650985	19.015999705242127	31.02336085468358	1.5440433442303548E-5
59.0	31.047870612719052	18.961278809122604	18.96594761018472	31.024482216162326	4.2075181130277173E-4
60.0	30.863046694360502	19.050290977863302	18.998034760932008	31.08860440619403	2.3160650163455322E-5
61.0	30.923949554019487	19.03158103263959	19.03187247082081	31.012571851815768	2.5090704343743268E-5
62.0	31.013507928093208	19.02426998740466	18.821141435200257	31.141069068976794	1.1580325081727661E-5
63.0	31.050292830715314	18.930108434110952	18.81346560972525	31.2061118948525	2.123059598316738E-5
64.0	30.847278151707545	19.050603646640507	18.917375866683592	31.18470373388475	3.860108360575887E-5
65.0	30.951188408665892	18.9888901642258	18.912736016434177	31.14716997024069	1.5440433442303548E-5
66.0	30.9405441598616	18.945056703737283	18.988224295533602	31.126128519567185	4.6321300326910645E-5
67.0	31.079533151546677	18.817665407621558	18.904207107011487	31.198553802682493	4.0531137786046816E-5
68.0	31.040092494372495	18.862874996740622	18.93928005157568	31.156351237976317	0.001401219334889047
69.0	31.01345388657616	18.989374607825056	19.00368016940935	30.992862138526668	6.291976627738696E-4
70.0	30.954239824324926	18.994549083082404	19.01657100127949	31.034609210446295	3.0880866884607096E-5
71.0	30.878423436014852	19.074129077044038	19.001234790762922	31.04617023498622	4.246119196633476E-5
72.0	30.90529365031282	19.028072194139828	19.003232396839522	31.063341927028244	5.983167958892625E-5
73.0	30.9590302188004	19.00000727630426	18.92219135186341	31.118728691839966	4.246119196633476E-5
74.0	30.993686271661648	18.92541647239867	18.933049836681707	31.147803028011822	4.4391246146622706E-5
75.0	30.943255885984904	18.980361254803107	18.905753080409898	31.170598897935204	3.0880866884607096E-5
76.0	31.04519941773353	18.84793830743937	18.86791050809699	31.23887456456289	7.720216721151774E-5
77.0	31.24317279522239	18.80306840785604	18.946772521903558	31.006883982146462	1.02292871555261E-4
78.0	31.026896713941866	18.929263070379985	18.936228635916645	31.10757683878626	3.474097524518298E-5
79.0	30.99210169717963	18.941669458650875	19.01366626973816	31.05247379193904	8.878249229324541E-5
80.0	30.887687696080235	19.00127918200907	19.067404768279914	31.043597472763896	3.0880866884607096E-5
81.0	30.889480716413726	19.052043467059	19.05195854467507	31.00643813963081	7.913222139180569E-5
82.0	30.915347302537942	19.079471467015075	19.01174586582877	30.99340255369715	3.281092106489504E-5
83.0	30.954245614487462	19.047282023396235	18.973328137370142	31.025105623662558	3.860108360575887E-5
84.0	30.96606719634173	18.985184460199648	18.951306219173052	31.09739194287688	5.0181408687486535E-5
85.0	30.95640727516939	18.928853898893763	18.900429990980662	31.214227772680616	8.106227557209363E-5
86.0	30.95172689378219	18.925906706160465	18.876549430607962	31.245780298419962	3.667102942547093E-5
87.0	31.020095203010527	18.90925612874712	18.934281211248734	31.136332716018373	3.474097524518298E-5
88.0	31.096158638255677	18.894197846032515	18.90937193199794	31.100236842738628	3.474097524518298E-5
89.0	31.118952578124876	18.927068598776998	18.939673782628457	31.01426450933188	4.0531137786046816E-5
90.0	30.952305910036277	18.997604358849802	18.994657166116504	31.055388173751275	4.4391246146622706E-5
91.0	30.941111595790606	18.993072591634487	18.995033526681656	31.07070701378022	7.52721130312298E-5
92.0	30.96853573563832	19.004963655439237	18.970956100782566	31.05548660651447	5.79016254086383E-5
93.0	30.98377351339169	18.993464392633083	18.98812200266205	31.034597630121212	4.246119196633476E-5
94.0	30.94623974974763	18.981523147419644	18.99672811425195	31.07546459733463	4.4391246146622706E-5
95.0	30.925891188524858	19.012012213305653	18.984447179502776	31.076898627590584	7.507910761320101E-4
96.0	30.942441403120824	18.992420233321546	19.022608210755433	31.042481901447687	4.825135450719859E-5
97.0	30.969328987906415	18.974221752455612	19.013785933097335	31.04261893529449	4.4391246146622706E-5
98.0	30.937346060084863	18.995666584452792	18.989542522538738	31.07736377064803	8.106227557209363E-5
99.0	30.909039885476762	19.022077445855853	19.035834872052945	31.032540192365026	5.076042494157292E-4
100.0	30.91337671721987	19.015584743593365	18.992868005891374	31.078108771561624	6.176173376921419E-5
101.0	30.901344759459953	19.025169392652675	18.989511641671854	31.0838680532356	1.061529799158369E-4
102.0	30.918910182554754	19.014050350520034	18.98132435183907	31.08564177302729	7.334205885094186E-5
103.0	30.92634089114886	18.994834731101086	18.97138650286477	31.10737418309733	6.369178794950214E-5
104.0	30.935512508613588	18.995398306921732	18.972558045752205	31.096469376978703	6.176173376921419E-5
105.0	30.919527799892442	19.010595553537318	18.997700861558815	31.071753103145937	4.226818654830596E-4
106.0	30.907656036629493	19.00107845637432	19.000263973510236	31.090941701806358	5.983167958892625E-5
107.0	30.902408219313294	19.010180591888556	18.987249618172555	31.100086298512565	7.52721130312298E-5
108.0	30.928133911482348	18.98840379057237	19.025406789316847	31.057997607003024	5.79016254086383E-5
109.0	30.92105640280323	18.994543292919865	19.061564424330363	31.02182067144771	0.0010152084988314584
110.0	30.924632793199308	18.987332610502307	19.012803535519566	31.075149998503242	8.106227557209363E-5
111.0	30.912336418016693	19.00960157563447	19.03285679845276	31.045137655999767	6.755189631007803E-5
112.0	30.911666689216133	18.999150332248213	19.018082233702657	31.071008102232344	9.264260065382129E-5
113.0	30.926391072557553	18.999650216280905	19.002985349904446	31.070890368927344	8.299232975238158E-5
114.0	30.916073002909734	19.00344663285353	19.02635251586519	31.053973444037126	1.5440433442303548E-4
115.0	30.932854824007332	18.998426561930604	18.997343801535465	31.071291820196844	8.299232975238158E-5
116.0	30.923152441643026	19.00900325883858	18.99672811425195	31.071025472719967	9.071254647353336E-5
117.0	30.91509639549451	19.0163451849404	19.026450948628383	31.04199552779426	1.1194314245670073E-4
118.0	30.916096163559892	19.012371203383186	19.0165111695999	31.054919170585464	1.02292871555261E-4
119.0	30.91571980299474	19.027722854333195	19.00555811212677	31.050850616373417	1.4861417188217165E-4
120.0	30.902964074917215	19.023606048766638	19.023839585322456	31.049495718338854	9.457265483410923E-5
121.0	30.900848735535618	19.01373575168865	19.01213573677319	31.07318327329353	9.650270901439718E-5
122.0	30.91217429346555	19.023032822675095	19.01006285858356	31.05463931272932	9.071254647353336E-5
123.0	30.903855759948506	19.029112493343	19.034408562013713	31.032490010956337	1.331737384398681E-4
124.0	30.897469210665935	19.03944407337008	19.022654532055757	31.040299010169786	1.331737384398681E-4
125.0	30.90011724500129	19.025316076770377	19.006216260602248	31.068207593616748	1.4282400934130784E-4
126.0	30.9061969156692	19.01373768174283	19.04264217314682	31.037299705973613	1.2352346753842839E-4
127.0	30.898490209327306	19.021660554152913	19.04363422099549	31.036037450539705	1.7756498458649082E-4
128.0	30.869178476491278	19.0345957772692	19.026047567304705	31.070004474058592	1.7370487622591493E-4
129.0	30.880239616998505	19.02019564303007	19.04872763397727	31.05068270165973	1.5440433442303548E-4
130.0	30.894917679039597	19.016341324832037	19.033107705496196	31.05548853656865	1.4475406352159576E-4
131.0	30.87730593464447	19.045110712443407	19.03753717983996	31.039907209171187	1.3896390098073192E-4
132.0	30.888484808456695	19.03313086614636	19.03847132606322	31.0397199939157	1.9300541802879436E-4
133.0	30.863426915034015	19.042881499865178	19.04680143990534	31.04672802064432	1.6212455114418726E-4
134.0	30.86854734877432	19.04062140642006	19.03867977191469	31.05199320844815	1.5826444278361137E-4
135.0	30.877580002338068	19.031656304752623	19.063909440159414	31.02661299597736	2.4125677253599294E-4
136.0	30.863473236334343	19.023899417002042	19.05348521753168	31.0589201729012	2.2195623073311354E-4
137.0	30.861006627091935	19.04042261083949	19.044261488604082	31.0524680017765	0.0018412716879946981
138.0	30.867939381707533	19.033267899993163	19.070620238544276	31.027915782549055	2.566972059782965E-4
139.0	30.870788141677636	19.022814726552724	19.06462356020612	31.04155933554951	2.1423601401196173E-4
140.0	30.862830528292307	19.027244200896483	19.06415455704031	31.045564197973608	2.0651579729080995E-4
141.0	30.851898701415152	19.049775653397163	19.073787457454127	31.02432009161118	2.1809612237253762E-4
142.0	30.86255453054453	19.04492349718792	19.068477878404156	31.0237989769825	2.451168808965689E-4
143.0	30.838797493639365	19.055853394010892	19.073515319814707	31.031600255979225	2.3353655581484118E-4
144.0	30.857005624776196	19.036124380179988	19.0878112311281	31.018778906059573	2.7985785614175184E-4
145.0	30.894821176330577	19.0330980552253	19.043282951134678	31.028562350699453	2.3546660999512913E-4
146.0	30.914710384658445	19.03453980569797	19.032698534009977	31.01777527788582	2.7599774778117595E-4
147.0	30.892910422692093	19.028135885927778	19.088658524913246	30.990061629911068	2.3353655581484118E-4
148.0	30.889905328333388	19.02426805735048	19.068665093659643	31.016848851879285	3.1266877720664685E-4
149.0	30.877910041602895	19.075636449358843	19.08453399912997	30.960680415124546	0.0012390947837448599
