# Position (bp)	A	C	G	T	N
0.0	35.38052695360431	18.639475676994383	20.502902030050894	25.47696788412095	1.274552294677881E-4
1.0	33.24771431736843	16.534473385600407	19.29201362249217	30.92563259651272	1.6607802627620873E-4
2.0	31.022392358217015	19.46644962199772	17.66616188602378	31.84492468158739	7.145217409557818E-5
3.0	31.474808213191814	18.928870500060356	18.092754539052468	31.503524262618875	4.24850764892627E-5
4.0	31.509190226910672	18.727415923047477	18.783494292873463	30.97980686245605	9.269471234020953E-5
5.0	31.721721822048206	18.580292034305	18.537053813277975	31.160882120732968	5.0209635850946826E-5
6.0	31.829786476378324	18.292189143792267	18.763740663445798	31.11422771332824	5.600305537220992E-5
7.0	31.099120406356622	18.82683100203235	17.96599451992723	32.10798648178938	6.758989441473611E-5
8.0	30.911384646770095	18.541968564171846	18.34409238928326	32.202521570397515	3.2829377287157544E-5
9.0	31.12950689174565	18.457548786047838	18.682263942438592	31.73063210127191	4.82784960105258E-5
10.0	31.534059445775615	18.483988021603043	18.604566462099093	31.377337792026243	4.82784960105258E-5
11.0	31.470758612946447	18.580042917265587	18.36563232306332	31.583519799368474	4.6347356170104764E-5
12.0	31.363588076362447	18.53979023843185	18.437949647807407	31.65860637864373	6.565875457431509E-5
13.0	31.158869873019253	18.820230366057793	18.607810777031002	31.413040705395943	4.82784960105258E-5
14.0	31.381951285105007	18.67789570411956	18.522807794675185	31.417296937604235	4.82784960105258E-5
15.0	31.165630793600567	18.652941515101638	18.611916380331735	31.569490068427815	2.124253824463135E-5
16.0	31.12767424003709	18.800241137569593	18.574264946863046	31.497748223356176	7.145217409557818E-5
17.0	31.22247389480336	18.727554965115985	18.574436818308843	31.475455145038357	7.917673345726231E-5
18.0	30.903548081297664	18.838773170805514	18.72628427510099	31.4144813357169	0.11691313707892967
19.0	31.078615563531038	18.83279436185957	18.787281258100528	31.301266331432377	4.24850764892627E-5
20.0	31.08781744487064	18.829327965846016	18.755886717714805	31.326848140898434	1.1973067010610398E-4
21.0	31.014071076644644	18.90462310822403	18.731119849261404	31.35013961851375	4.6347356170104764E-5
22.0	31.07240694894408	18.90279624993499	18.74659793508238	31.278100377906686	9.848813186147262E-5
23.0	31.06436954492825	18.843224448137686	18.60740330652467	31.484902281137693	1.0041927170189365E-4
24.0	31.04988020270557	18.79344352533131	18.825104563015014	31.331507981333374	6.372761473389405E-5
25.0	31.1251425157063	18.846663808193476	18.742870835190363	31.28521855935848	1.0428155138273571E-4
26.0	30.957152660988076	18.857578610571537	18.76183849070298	31.423339474164912	9.07635724997885E-5
27.0	30.926565337055646	18.985825607373897	18.967837039760376	31.119714081614873	5.793419521263095E-5
28.0	31.20299834951271	18.763862325255744	18.75826395085836	31.274844476135737	3.089823744673651E-5
29.0	31.15487434468942	18.76283689000048	18.78234912694809	31.299889428726157	5.0209635850946826E-5
30.0	30.82853488533635	19.005177559714753	18.802774793040225	31.36341620491665	9.65569920210516E-5
31.0	31.128255513129055	19.002136014466092	18.767407898002755	31.102136846787364	6.372761473389405E-5
32.0	30.98485099971923	18.955551128095614	18.754509815008582	31.3050417098204	4.6347356170104764E-5
33.0	31.120243213931147	18.82096613033699	18.8927446670656	31.165758248830034	2.877398362227337E-4
34.0	31.15654671179123	18.828968773835697	18.756881254732622	31.257553050004606	5.0209635850946826E-5
35.0	31.004780362872374	18.873097250329156	18.71404277965256	31.407961807615642	1.1779953026568294E-4
36.0	30.988719072819592	18.893468844505758	18.966792293106703	31.150985029050815	3.476051712757857E-5
37.0	31.23535073525929	18.886709855064286	18.925297891355576	30.952543030188988	9.848813186147262E-5
38.0	31.059159329638792	18.87568690885516	18.874721338934954	31.190397662053964	3.476051712757857E-5
39.0	31.102700739620765	18.936737963770234	19.017052138593506	30.943466672939007	4.24850764892627E-5
40.0	31.057093010009538	18.930591145658173	18.902943016562865	31.10932648041325	4.6347356170104764E-5
41.0	31.0439767082134	18.947463514443932	18.901606667793295	31.106875863955757	7.724559361684127E-5
42.0	31.063992972659367	18.924884627429726	18.944719364730695	31.06634123870532	6.179647489347302E-5
43.0	31.021699079014304	18.893544158959536	18.843075750369973	31.24156514326576	1.158683904252619E-4
44.0	30.95850059659669	18.946138752513402	18.821383256542525	31.273824834299997	1.525600473932615E-4
45.0	31.130356593275437	18.86013157744057	18.855925554868133	31.153539927059686	4.6347356170104764E-5
46.0	31.11830628067121	18.841835958592423	18.869375943856667	31.170385259887684	9.65569920210516E-5
47.0	31.048783315276214	18.914773179225282	18.86893371283321	31.167457651889602	5.2140775691367853E-5
48.0	31.144884558294923	18.81600310094711	18.958994350431084	31.079938394321722	1.7959600515915595E-4
49.0	31.043797112208242	18.89025929009098	18.927777474910677	31.13801549388254	1.5062890755284048E-4
50.0	30.949872263789686	18.960239935628156	18.95571913726173	31.134130040523615	3.862279680842063E-5
51.0	30.970942930588517	18.989253380590643	18.941629540986018	31.098112351359923	6.179647489347302E-5
52.0	30.991233416891824	18.97672800758567	18.921070626244898	31.1108482186075	1.1973067010610398E-4
53.0	30.940469543906673	18.975517182905726	18.924544746817816	31.15931210404271	1.564223270741036E-4
54.0	31.026134907227753	18.965693474537506	18.896857994925696	31.111135958443725	1.7766486531873492E-4
55.0	31.0004101934135	18.877341895698404	18.770571105061364	31.351624665051038	5.2140775691367853E-5
56.0	31.092280309041854	18.897701903035962	18.89811709810165	31.11179254598947	1.0814383106357779E-4
57.0	31.09698649683296	18.892248364126612	18.955236352301625	31.05543995430614	8.883243265936746E-5
58.0	31.04951521727573	18.912772518350607	18.971019558217385	31.06658842460489	1.0428155138273571E-4
59.0	31.02870718549519	18.95409697979578	18.932848648131625	31.08418690197065	1.6028460675494564E-4
60.0	30.92818942566144	19.01790570240297	18.984724857664855	31.069100837537277	7.917673345726231E-5
61.0	30.974067514850322	18.993034552398186	18.97181905011132	31.060964945389586	1.1393725058484087E-4
62.0	31.018265512378036	18.992150090351274	18.829677502157132	31.15983158065978	7.531445377642024E-5
63.0	31.048229078142008	18.938105210777252	18.849612658729797	31.16396615105812	8.690129281894643E-5
64.0	30.92346392647193	18.996790619387806	18.916766115540597	31.1627804311961	1.9890740356336628E-4
65.0	30.958614533847275	18.973114844944245	18.925330720732866	31.142918657937376	2.124253824463135E-5
66.0	30.970160818953147	18.941988732996336	18.972112583367064	31.115672205928874	6.565875457431509E-5
67.0	31.074521547069338	18.8572522479385	18.910370180389123	31.157792296988298	6.372761473389405E-5
68.0	31.02479083389882	18.89310965249544	18.92461233671223	31.157365515083562	1.2166180994652501E-4
69.0	31.0352383004355	18.960098962419806	18.969812595817125	31.034784482572995	6.565875457431509E-5
70.0	30.985324128980135	18.966798086526225	18.97684580711594	31.070956662923926	7.531445377642024E-5
71.0	30.92304486912656	19.02603580113114	18.983809497380495	31.067020999929145	8.883243265936746E-5
72.0	30.93309838313579	18.99887625041546	18.985066669416607	31.082918143095494	4.055393664884167E-5
73.0	30.97907302931669	18.977608607352902	18.9237510483434	31.119493931673066	7.338331393599921E-5
74.0	31.00130238001978	18.9376011832789	18.930357477737484	31.130667506789745	7.145217409557818E-5
75.0	30.955227314567175	18.983392371174965	18.926553132251854	31.134759592111592	6.758989441473611E-5
76.0	31.049600187428712	18.865588978629603	18.881011061395203	31.203681973016224	1.1779953026568294E-4
77.0	31.144011683087054	18.861286399065143	18.938952981167194	31.055658173108107	9.07635724997885E-5
78.0	31.000784834542543	18.95663063526641	18.943170590578674	31.099309658060985	1.0428155138273571E-4
79.0	30.993407880352137	18.95153435722754	18.97700802286253	31.077875936972156	1.7380258563789286E-4
80.0	30.91025492996345	18.996966353113283	19.03266733534315	31.059893162778152	2.1821880196757658E-4
81.0	30.913812089549502	19.032232828879053	19.028650564475072	31.025219546943394	8.49701529785254E-5
82.0	30.951513732654046	19.023023222980086	18.99750127884908	31.027826585727965	1.3517978882947223E-4
83.0	30.942680699023956	19.03859786579308	18.98040296670199	31.038129216776607	1.892517043612611E-4
84.0	30.973679355742394	18.972838691947064	18.95203838472589	31.10116548344763	2.7808413702062857E-4
85.0	30.967723720474538	18.92953094988578	18.914688209072306	31.187846626324767	2.1049424260589247E-4
86.0	30.944621494563577	18.949912199761584	18.915114990977038	31.190248964286255	1.0235041154231468E-4
87.0	31.000178456632653	18.930044633083334	18.948566195292813	31.12115084965615	5.986533505305199E-5
88.0	31.059124569121664	18.90153714675904	18.94029898563597	31.09896398402955	7.531445377642024E-5
89.0	31.065634441523727	18.950174834779883	18.961925820708846	31.022154828016646	1.1007497090399882E-4
90.0	30.95631068401765	19.0047546400897	18.984396563891984	31.05424264760508	2.954643955844178E-4
91.0	30.955698512688233	18.981227563413853	19.00144659754306	31.061544287341714	8.303901313810436E-5
92.0	30.97979913789669	18.995568207868818	18.971110321789887	31.053317631621518	2.0470082308462936E-4
93.0	30.96089907227849	18.9944732515793	19.00681323515959	31.03758463534161	2.298056410101028E-4
94.0	30.948980077183414	18.996527984369507	18.98864120926123	31.06546257007793	3.8815910792462736E-4
95.0	30.93684672556605	19.000102524214128	18.980945616997154	31.082016300790016	8.883243265936746E-5
96.0	30.94164174578981	18.986468676940753	19.010830006027668	31.060988119067673	7.145217409557818E-5
97.0	30.96464548356891	18.970138958450157	18.989386629239632	31.075745889728168	8.303901313810436E-5
98.0	30.926154004269634	18.99878355570312	18.993951843822387	31.08089237740289	2.1821880196757658E-4
99.0	30.91240428860584	19.01717186926361	19.006602740916986	31.063610606970965	2.1049424260589247E-4
100.0	30.91956688627396	19.000954156883754	19.00147749578051	31.077833451895664	1.6800916611662978E-4
101.0	30.903855132532293	19.019205359515574	19.005449850432253	31.071273369857757	2.1628766212715558E-4
102.0	30.91371360141764	19.009796846213042	19.00579359332385	31.070398563510043	2.973955354248389E-4
103.0	30.928384470785318	18.995363507045735	18.987801163430646	31.08795648693915	4.943717991477841E-4
104.0	30.915627360999498	18.993818595173398	18.993266289179036	31.097144850299873	1.4290434819115637E-4
105.0	30.9280967309491	18.999639050652426	18.993664103986163	31.078281476338642	3.186380736694702E-4
106.0	30.90628450645154	18.989176134997027	19.007599209074645	31.09685711046365	8.303901313810436E-5
107.0	30.90007782300443	19.005866976637783	19.009424136223842	31.08404013534278	5.909287911688356E-4
108.0	30.937682909116948	18.995630004343713	19.039364528309726	31.026785701353976	5.368568756370468E-4
109.0	30.92263353634055	18.97970196293992	19.052527177462036	31.04493455357425	2.0276968324420836E-4
110.0	30.907754103870104	19.00094063890487	19.026288780450237	31.064719081239367	2.973955354248389E-4
111.0	30.92008636289103	19.0197847014677	19.044120925736685	31.015874761255596	1.332486489890512E-4
112.0	30.918184190148217	19.009032114836234	19.02996180842672	31.04268284452032	1.3904206851031428E-4
113.0	30.909190871911374	19.01721821661978	19.02470331464125	31.048485919740788	4.016770868075746E-4
114.0	30.923944780292196	18.997298509165837	19.02093952309227	31.057494687096348	3.225003533503123E-4
115.0	30.92052086935513	18.98928620996793	19.035268580708195	31.054777573340875	1.4676662787199842E-4
116.0	30.917210895668646	19.004546076986937	19.006046572642944	31.072055481493123	1.409732083507353E-4
117.0	30.914831731385245	19.01193654915623	19.038982162621323	31.034062236272682	1.8732056452084008E-4
118.0	30.92072363903837	18.99872562150791	19.0362244949292	31.044079058624945	2.471858995738921E-4
119.0	30.914607719163754	19.016490176899943	19.03419100467724	31.034587506309276	1.2359294978694604E-4
120.0	30.88233451015064	19.040221954398877	19.041755279432167	31.035261474113586	4.26781904733048E-4
121.0	30.925416308850593	19.00021066804519	19.035312996924524	31.03889394815341	1.6607802627620873E-4
122.0	30.895027892321732	19.014636282653136	19.0451058070553	31.045073595642762	1.564223270741036E-4
123.0	30.896827714653003	19.03140436988751	19.057789533527185	31.013713815774164	2.645661581376813E-4
124.0	30.886057747762973	19.031568516773948	19.057492137991762	31.02456875281717	3.128446541482072E-4
125.0	30.86996749061258	19.017529130134086	19.054379140569004	31.057977472056454	1.4676662787199842E-4
126.0	30.896771711597626	19.01360119169867	19.060412021430476	31.029043203827428	1.7187144579747184E-4
127.0	30.894299852601893	19.003482018934864	19.068810548596467	31.03323377728114	1.7380258563789286E-4
128.0	30.886747164686	19.025919932740717	19.055777285813466	31.031327742258647	2.2787450116968174E-4
129.0	30.892005658471472	19.01845993953717	19.07304360712667	31.016286094041607	2.0470082308462936E-4
130.0	30.873122973111833	19.028602285979062	19.07703720431666	31.020271966672237	9.655699202105159E-4
131.0	30.877487349151185	19.035629703858355	19.088428998235305	30.998168140058773	2.8580869638231273E-4
132.0	30.876577782286347	19.033642560962562	19.095263302130554	30.994359932293463	1.564223270741036E-4
133.0	30.866182456525358	19.020673025794295	19.0898715596961	31.022906041414565	3.6691656967999606E-4
134.0	30.850420493147844	19.037388972252977	19.074262156365975	31.037306551204587	6.218270286155722E-4
135.0	30.854323326765332	19.036695693050266	19.118257384210448	30.98997624485571	7.473511182429393E-4
136.0	30.87283137099593	19.025135889965505	19.089624373796525	31.01219980213927	2.0856310276547141E-4
137.0	30.86641998672573	19.02776996470784	19.08248108752681	31.023118466797015	2.1049424260589247E-4
138.0	30.82126800611685	19.04555769377796	19.10483403117968	31.027784100651473	5.561682740412571E-4
139.0	30.882595214029095	19.01354325750346	19.121007327343207	30.981747657995673	0.0011065431285612513
140.0	30.844843361288703	19.037483598105158	19.115947740961307	31.001416317270365	3.0898237446736507E-4
141.0	30.859498781537663	19.051573194380868	19.13296108295541	30.95560774911574	3.591920103183119E-4
142.0	30.847400190437423	19.06087742613202	19.117651006300555	30.97385122718819	2.2014994180799763E-4
143.0	30.823606616463593	19.06822348208498	19.126845163080798	30.98105051651328	2.742218573397865E-4
144.0	30.832812360082883	19.046594715872263	19.14625698075671	30.97405979029096	2.7615299718020754E-4
145.0	30.85748074040442	19.03023216800438	19.134262671207857	30.97769033319095	3.340871923928385E-4
146.0	30.862862827139676	19.056119097565222	19.1227221795215	30.95771076040195	5.851353716475726E-4
147.0	30.86019206074037	19.032153652145595	19.166219173287143	30.941014125341677	4.2098848521178494E-4
148.0	30.871657237972954	19.028250818528107	19.140563980507153	30.959151390722912	3.765722688821012E-4
149.0	30.871388809535134	19.05450852693831	19.140776405889596	30.93284347267685	4.8278496010525793E-4
